700 600
0 10
KW 255 255 255
KP 255 255 255
PR 0 0 700 600 1
KW 160 150 140
KP 160 150 140
PR 0 400 700 600 1
TG 280 150
kolor_wypelnienia 220 190 190
kolor_piora 220 190 190
elipsa 280 90 80 80 1
linia 320 170 320 261
RP 10
kolor_piora 15 225 15
LN 290 115 305 180
LN 295 115 320 175
LN 300 115 340 170
LN 300 110 370 155
LN 300 105 365 155
LN 305 95 375 140
LN 300 95 360 160
LN 320 90 395 110
LN 310 90 385 120
LN 310 90 375 130
LN 290 110 280 180
LN 290 115 260 180
rozmiar_piora 10
kolor_wypelnienia 220 190 190
kolor_piora 220 190 190
LN 300 330 290 400
LN 290 400 250 450
LN 350 320 390 380
LN 390 380 390 450
linia 320 190 360 240
linia 372 253 380 260
linia 380 260 400 220
linia 400 220 395 215
linia 320 190 270 255
LN 270 255 320 300
ST
1 10
KW 255 255 255
KP 255 255 255
PR 0 0 700 600 1
KW 160 150 140
KP 160 150 140
PR 0 400 700 600 1
TG 280 150
kolor_wypelnienia 220 190 190
kolor_piora 220 190 190
elipsa 280 90 80 80 1
linia 320 170 320 261
RP 10
kolor_piora 15 225 15
LN 290 115 305 180
LN 295 115 320 175
LN 300 115 340 170
LN 300 110 370 155
LN 300 105 365 155
LN 305 95 375 140
LN 300 95 360 160
LN 320 90 395 110
LN 310 90 385 120
LN 310 90 375 130
LN 290 110 280 180
LN 290 115 260 180
rozmiar_piora 10
kolor_wypelnienia 220 190 190
kolor_piora 220 190 190
LN 300 330 290 400
LN 290 400 250 450
LN 350 320 390 380
LN 390 380 390 450
linia 320 190 360 240
linia 372 253 380 260
linia 380 260 400 220
linia 400 220 395 215
linia 320 190 270 255
LN 270 255 320 295
ST
2 10
KW 255 255 255
KP 255 255 255
PR 0 0 700 600 1
KW 160 150 140
KP 160 150 140
PR 0 400 700 600 1
TG 280 150
kolor_wypelnienia 220 190 190
kolor_piora 220 190 190
elipsa 280 90 80 80 1
linia 320 170 320 261
RP 10
kolor_piora 15 225 15
LN 290 115 306 180
LN 295 115 321 175
LN 300 115 341 170
LN 300 110 371 155
LN 300 105 366 155
LN 305 95 376 140
LN 300 95 361 160
LN 320 90 396 110
LN 310 90 386 120
LN 310 90 376 130
LN 290 110 281 180
LN 290 115 261 180
rozmiar_piora 10
kolor_wypelnienia 220 190 190
kolor_piora 220 190 190
LN 300 330 290 400
LN 290 400 250 450
LN 350 320 390 380
LN 390 380 390 450
linia 320 190 360 240
linia 372 253 380 260
linia 380 260 400 220
linia 400 220 395 215
linia 320 190 270 255
LN 270 255 320 290
ST
3 10
KW 255 255 255
KP 255 255 255
PR 0 0 700 600 1
KW 160 150 140
KP 160 150 140
PR 0 400 700 600 1
TG 280 150
kolor_wypelnienia 220 190 190
kolor_piora 220 190 190
elipsa 280 90 80 80 1
linia 320 170 320 261
RP 10
kolor_piora 15 225 15
LN 290 115 306 180
LN 295 115 321 175
LN 300 115 341 170
LN 300 110 371 155
LN 300 105 366 155
LN 305 95 376 140
LN 300 95 361 160
LN 320 90 396 110
LN 310 90 386 120
LN 310 90 376 130
LN 290 110 281 180
LN 290 115 261 180
rozmiar_piora 10
kolor_wypelnienia 220 190 190
kolor_piora 220 190 190
LN 300 330 290 400
LN 290 400 250 450
LN 350 320 390 380
LN 390 380 390 450
linia 320 190 360 240
linia 372 253 380 260
linia 380 260 400 220
linia 400 220 395 215
linia 320 190 270 255
LN 270 255 320 285
ST
4 10
KW 255 255 255
KP 255 255 255
PR 0 0 700 600 1
KW 160 150 140
KP 160 150 140
PR 0 400 700 600 1
TG 280 150
kolor_wypelnienia 220 190 190
kolor_piora 220 190 190
elipsa 281 90 80 80 1
linia 321 170 320 261
RP 10
kolor_piora 15 225 15
LN 291 115 307 180
LN 296 115 322 175
LN 301 115 342 170
LN 301 110 372 155
LN 301 105 367 155
LN 306 95 377 140
LN 301 95 362 160
LN 321 90 397 110
LN 311 90 387 120
LN 311 90 377 130
LN 291 110 282 180
LN 291 115 262 180
rozmiar_piora 10
kolor_wypelnienia 220 190 190
kolor_piora 220 190 190
LN 300 330 290 400
LN 290 400 250 450
LN 350 320 390 380
LN 390 380 390 450
linia 321 190 360 240
linia 372 253 380 260
linia 380 260 400 220
linia 400 220 395 215
linia 321 190 270 255
LN 270 255 320 280
ST
5 10
KW 255 255 255
KP 255 255 255
PR 0 0 700 600 1
KW 160 150 140
KP 160 150 140
PR 0 400 700 600 1
TG 280 150
kolor_wypelnienia 220 190 190
kolor_piora 220 190 190
elipsa 281 90 80 80 1
linia 321 170 320 261
RP 10
kolor_piora 15 225 15
LN 291 115 307 179
LN 296 115 322 174
LN 301 115 342 169
LN 301 110 372 154
LN 301 105 367 154
LN 306 95 377 139
LN 301 95 362 159
LN 321 90 397 109
LN 311 90 387 119
LN 311 90 377 129
LN 291 110 282 179
LN 291 115 262 179
rozmiar_piora 10
kolor_wypelnienia 220 190 190
kolor_piora 220 190 190
LN 300 330 291 401
LN 291 401 250 450
LN 350 320 390 380
LN 390 380 390 450
linia 321 190 361 239
linia 373 252 381 259
linia 381 259 401 219
linia 401 219 396 214
linia 321 190 270 255
LN 270 255 320 275
ST
6 10
KW 255 255 255
KP 255 255 255
PR 0 0 700 600 1
KW 160 150 140
KP 160 150 140
PR 0 400 700 600 1
TG 280 150
kolor_wypelnienia 220 190 190
kolor_piora 220 190 190
elipsa 281 90 80 80 1
linia 321 170 320 261
RP 10
kolor_piora 15 225 15
LN 291 115 308 179
LN 296 115 323 174
LN 301 115 343 169
LN 301 110 373 154
LN 301 105 368 154
LN 306 95 378 139
LN 301 95 363 159
LN 321 90 398 109
LN 311 90 388 119
LN 311 90 378 129
LN 291 110 283 179
LN 291 115 263 179
rozmiar_piora 10
kolor_wypelnienia 220 190 190
kolor_piora 220 190 190
LN 300 330 291 401
LN 291 401 250 450
LN 350 320 390 380
LN 390 380 390 450
linia 321 190 361 239
linia 373 252 381 259
linia 381 259 401 219
linia 401 219 396 214
linia 321 190 270 255
LN 270 255 320 255
ST
7 10
KW 255 255 255
KP 255 255 255
PR 0 0 700 600 1
KW 160 150 140
KP 160 150 140
PR 0 400 700 600 1
TG 280 150
kolor_wypelnienia 220 190 190
kolor_piora 220 190 190
elipsa 281 90 80 80 1
linia 321 170 320 261
RP 10
kolor_piora 15 225 15
LN 291 115 308 179
LN 296 115 323 174
LN 301 115 343 169
LN 301 110 373 154
LN 301 105 368 154
LN 306 95 378 139
LN 301 95 363 159
LN 321 90 398 109
LN 311 90 388 119
LN 311 90 378 129
LN 291 110 283 179
LN 291 115 263 179
rozmiar_piora 10
kolor_wypelnienia 220 190 190
kolor_piora 220 190 190
LN 300 330 291 401
LN 291 401 250 450
LN 350 320 390 380
LN 390 380 390 450
linia 321 190 361 239
linia 373 252 381 259
linia 381 259 401 219
linia 401 219 396 214
linia 321 190 270 255
LN 270 255 320 260
ST
8 10
KW 255 255 255
KP 255 255 255
PR 0 0 700 600 1
KW 160 150 140
KP 160 150 140
PR 0 400 700 600 1
TG 280 150
kolor_wypelnienia 220 190 190
kolor_piora 220 190 190
elipsa 282 90 80 80 1
linia 322 170 320 261
RP 10
kolor_piora 15 225 15
LN 292 115 309 179
LN 297 115 324 174
LN 302 115 344 169
LN 302 110 374 154
LN 302 105 369 154
LN 307 95 379 139
LN 302 95 364 159
LN 322 90 399 109
LN 312 90 389 119
LN 312 90 379 129
LN 292 110 284 179
LN 292 115 264 179
rozmiar_piora 10
kolor_wypelnienia 220 190 190
kolor_piora 220 190 190
LN 300 330 291 401
LN 291 401 250 450
LN 350 320 390 380
LN 390 380 390 450
linia 322 190 361 239
linia 373 252 381 259
linia 381 259 401 219
linia 401 219 396 214
linia 322 190 270 255
LN 270 255 320 265
ST
9 10
KW 255 255 255
KP 255 255 255
PR 0 0 700 600 1
KW 160 150 140
KP 160 150 140
PR 0 400 700 600 1
TG 280 150
kolor_wypelnienia 220 190 190
kolor_piora 220 190 190
elipsa 282 90 80 80 1
linia 322 170 320 261
RP 10
kolor_piora 15 225 15
LN 292 115 309 179
LN 297 115 324 174
LN 302 115 344 169
LN 302 110 374 154
LN 302 105 369 154
LN 307 95 379 139
LN 302 95 364 159
LN 322 90 399 109
LN 312 90 389 119
LN 312 90 379 129
LN 292 110 284 179
LN 292 115 264 179
rozmiar_piora 10
kolor_wypelnienia 220 190 190
kolor_piora 220 190 190
LN 300 330 291 401
LN 291 401 250 450
LN 350 320 390 380
LN 390 380 390 450
linia 322 190 361 239
linia 373 252 381 259
linia 381 259 401 219
linia 401 219 396 214
linia 322 190 270 255
LN 270 255 320 270
ST
10 10
KW 255 255 255
KP 255 255 255
PR 0 0 700 600 1
KW 160 150 140
KP 160 150 140
PR 0 400 700 600 1
TG 280 150
kolor_wypelnienia 220 190 190
kolor_piora 220 190 190
elipsa 282 90 80 80 1
linia 322 170 320 261
RP 10
kolor_piora 15 225 15
LN 292 115 310 178
LN 297 115 325 173
LN 302 115 345 168
LN 302 110 375 153
LN 302 105 370 153
LN 307 95 380 138
LN 302 95 365 158
LN 322 90 400 108
LN 312 90 390 118
LN 312 90 380 128
LN 292 110 285 178
LN 292 115 265 178
rozmiar_piora 10
kolor_wypelnienia 220 190 190
kolor_piora 220 190 190
LN 300 330 292 402
LN 292 402 250 450
LN 350 320 390 380
LN 390 380 390 450
linia 322 190 362 238
linia 374 251 382 258
linia 382 258 402 218
linia 402 218 397 213
linia 322 190 270 255
LN 270 255 320 275
ST
11 10
KW 255 255 255
KP 255 255 255
PR 0 0 700 600 1
KW 160 150 140
KP 160 150 140
PR 0 400 700 600 1
TG 280 150
kolor_wypelnienia 220 190 190
kolor_piora 220 190 190
elipsa 282 90 80 80 1
linia 322 170 320 261
RP 10
kolor_piora 15 225 15
LN 292 115 310 178
LN 297 115 325 173
LN 302 115 345 168
LN 302 110 375 153
LN 302 105 370 153
LN 307 95 380 138
LN 302 95 365 158
LN 322 90 400 108
LN 312 90 390 118
LN 312 90 380 128
LN 292 110 285 178
LN 292 115 265 178
rozmiar_piora 10
kolor_wypelnienia 220 190 190
kolor_piora 220 190 190
LN 300 330 292 402
LN 292 402 250 450
LN 350 320 390 380
LN 390 380 390 450
linia 322 190 362 238
linia 374 251 382 258
linia 382 258 402 218
linia 402 218 397 213
linia 322 190 270 255
LN 270 255 320 280
ST
12 10
KW 255 255 255
KP 255 255 255
PR 0 0 700 600 1
KW 160 150 140
KP 160 150 140
PR 0 400 700 600 1
TG 280 150
kolor_wypelnienia 220 190 190
kolor_piora 220 190 190
elipsa 283 90 80 80 1
linia 323 170 320 261
RP 10
kolor_piora 15 225 15
LN 293 115 311 178
LN 298 115 326 173
LN 303 115 346 168
LN 303 110 376 153
LN 303 105 371 153
LN 308 95 381 138
LN 303 95 366 158
LN 323 90 401 108
LN 313 90 391 118
LN 313 90 381 128
LN 293 110 286 178
LN 293 115 266 178
rozmiar_piora 10
kolor_wypelnienia 220 190 190
kolor_piora 220 190 190
LN 300 330 292 402
LN 292 402 250 450
LN 350 320 390 380
LN 390 380 390 450
linia 323 190 362 238
linia 374 251 382 258
linia 382 258 402 218
linia 402 218 397 213
linia 323 190 270 255
LN 270 255 320 300
ST
13 10
KW 255 255 255
KP 255 255 255
PR 0 0 700 600 1
KW 160 150 140
KP 160 150 140
PR 0 400 700 600 1
TG 280 150
kolor_wypelnienia 220 190 190
kolor_piora 220 190 190
elipsa 283 90 80 80 1
linia 323 170 320 261
RP 10
kolor_piora 15 225 15
LN 293 115 311 178
LN 298 115 326 173
LN 303 115 346 168
LN 303 110 376 153
LN 303 105 371 153
LN 308 95 381 138
LN 303 95 366 158
LN 323 90 401 108
LN 313 90 391 118
LN 313 90 381 128
LN 293 110 286 178
LN 293 115 266 178
rozmiar_piora 10
kolor_wypelnienia 220 190 190
kolor_piora 220 190 190
LN 300 330 292 402
LN 292 402 250 450
LN 350 320 390 380
LN 390 380 390 450
linia 323 190 362 238
linia 374 251 382 258
linia 382 258 402 218
linia 402 218 397 213
linia 323 190 270 255
LN 270 255 320 295
ST
14 10
KW 255 255 255
KP 255 255 255
PR 0 0 700 600 1
KW 160 150 140
KP 160 150 140
PR 0 400 700 600 1
TG 280 150
kolor_wypelnienia 220 190 190
kolor_piora 220 190 190
elipsa 283 90 80 80 1
linia 323 170 320 261
RP 10
kolor_piora 15 225 15
LN 293 115 312 178
LN 298 115 327 173
LN 303 115 347 168
LN 303 110 377 153
LN 303 105 372 153
LN 308 95 382 138
LN 303 95 367 158
LN 323 90 402 108
LN 313 90 392 118
LN 313 90 382 128
LN 293 110 287 178
LN 293 115 267 178
rozmiar_piora 10
kolor_wypelnienia 220 190 190
kolor_piora 220 190 190
LN 300 330 292 402
LN 292 402 250 450
LN 350 320 390 380
LN 390 380 390 450
linia 323 190 362 238
linia 374 251 382 258
linia 382 258 402 218
linia 402 218 397 213
linia 323 190 270 255
LN 270 255 320 290
ST
15 10
KW 255 255 255
KP 255 255 255
PR 0 0 700 600 1
KW 160 150 140
KP 160 150 140
PR 0 400 700 600 1
TG 280 150
kolor_wypelnienia 220 190 190
kolor_piora 220 190 190
elipsa 283 90 80 80 1
linia 323 170 320 261
RP 10
kolor_piora 15 225 15
LN 293 115 312 177
LN 298 115 327 172
LN 303 115 347 167
LN 303 110 377 152
LN 303 105 372 152
LN 308 95 382 137
LN 303 95 367 157
LN 323 90 402 107
LN 313 90 392 117
LN 313 90 382 127
LN 293 110 287 177
LN 293 115 267 177
rozmiar_piora 10
kolor_wypelnienia 220 190 190
kolor_piora 220 190 190
LN 300 330 293 403
LN 293 403 250 450
LN 350 320 390 380
LN 390 380 390 450
linia 323 190 363 237
linia 375 250 383 257
linia 383 257 403 217
linia 403 217 398 212
linia 323 190 270 255
LN 270 255 320 285
ST
16 10
KW 255 255 255
KP 255 255 255
PR 0 0 700 600 1
KW 160 150 140
KP 160 150 140
PR 0 400 700 600 1
TG 280 150
kolor_wypelnienia 220 190 190
kolor_piora 220 190 190
elipsa 284 90 80 80 1
linia 324 170 320 261
RP 10
kolor_piora 15 225 15
LN 294 115 313 177
LN 299 115 328 172
LN 304 115 348 167
LN 304 110 378 152
LN 304 105 373 152
LN 309 95 383 137
LN 304 95 368 157
LN 324 90 403 107
LN 314 90 393 117
LN 314 90 383 127
LN 294 110 288 177
LN 294 115 268 177
rozmiar_piora 10
kolor_wypelnienia 220 190 190
kolor_piora 220 190 190
LN 300 330 293 403
LN 293 403 250 450
LN 350 320 390 380
LN 390 380 390 450
linia 324 190 363 237
linia 375 250 383 257
linia 383 257 403 217
linia 403 217 398 212
linia 324 190 270 255
LN 270 255 320 280
ST
17 10
KW 255 255 255
KP 255 255 255
PR 0 0 700 600 1
KW 160 150 140
KP 160 150 140
PR 0 400 700 600 1
TG 280 150
kolor_wypelnienia 220 190 190
kolor_piora 220 190 190
elipsa 284 90 80 80 1
linia 324 170 320 261
RP 10
kolor_piora 15 225 15
LN 294 115 313 177
LN 299 115 328 172
LN 304 115 348 167
LN 304 110 378 152
LN 304 105 373 152
LN 309 95 383 137
LN 304 95 368 157
LN 324 90 403 107
LN 314 90 393 117
LN 314 90 383 127
LN 294 110 288 177
LN 294 115 268 177
rozmiar_piora 10
kolor_wypelnienia 220 190 190
kolor_piora 220 190 190
LN 300 330 293 403
LN 293 403 250 450
LN 350 320 390 380
LN 390 380 390 450
linia 324 190 363 237
linia 375 250 383 257
linia 383 257 403 217
linia 403 217 398 212
linia 324 190 270 255
LN 270 255 320 275
ST
18 10
KW 255 255 255
KP 255 255 255
PR 0 0 700 600 1
KW 160 150 140
KP 160 150 140
PR 0 400 700 600 1
TG 280 150
kolor_wypelnienia 220 190 190
kolor_piora 220 190 190
elipsa 284 90 80 80 1
linia 324 170 320 261
RP 10
kolor_piora 15 225 15
LN 294 115 314 177
LN 299 115 329 172
LN 304 115 349 167
LN 304 110 379 152
LN 304 105 374 152
LN 309 95 384 137
LN 304 95 369 157
LN 324 90 404 107
LN 314 90 394 117
LN 314 90 384 127
LN 294 110 289 177
LN 294 115 269 177
rozmiar_piora 10
kolor_wypelnienia 220 190 190
kolor_piora 220 190 190
LN 300 330 293 403
LN 293 403 250 450
LN 350 320 390 380
LN 390 380 390 450
linia 324 190 363 237
linia 375 250 383 257
linia 383 257 403 217
linia 403 217 398 212
linia 324 190 270 255
LN 270 255 320 255
ST
19 10
KW 255 255 255
KP 255 255 255
PR 0 0 700 600 1
KW 160 150 140
KP 160 150 140
PR 0 400 700 600 1
TG 280 150
kolor_wypelnienia 220 190 190
kolor_piora 220 190 190
elipsa 284 90 80 80 1
linia 324 170 320 261
RP 10
kolor_piora 15 225 15
LN 294 115 314 177
LN 299 115 329 172
LN 304 115 349 167
LN 304 110 379 152
LN 304 105 374 152
LN 309 95 384 137
LN 304 95 369 157
LN 324 90 404 107
LN 314 90 394 117
LN 314 90 384 127
LN 294 110 289 177
LN 294 115 269 177
rozmiar_piora 10
kolor_wypelnienia 220 190 190
kolor_piora 220 190 190
LN 300 330 293 403
LN 293 403 250 450
LN 350 320 390 380
LN 390 380 390 450
linia 324 190 363 237
linia 375 250 383 257
linia 383 257 403 217
linia 403 217 398 212
linia 324 190 270 255
LN 270 255 320 260
ST
20 10
KW 255 255 255
KP 255 255 255
PR 0 0 700 600 1
KW 160 150 140
KP 160 150 140
PR 0 400 700 600 1
TG 280 150
kolor_wypelnienia 220 190 190
kolor_piora 220 190 190
elipsa 285 90 80 80 1
linia 325 170 320 261
RP 10
kolor_piora 15 225 15
LN 295 115 315 176
LN 300 115 330 171
LN 305 115 350 166
LN 305 110 380 151
LN 305 105 375 151
LN 310 95 385 136
LN 305 95 370 156
LN 325 90 405 106
LN 315 90 395 116
LN 315 90 385 126
LN 295 110 290 176
LN 295 115 270 176
rozmiar_piora 10
kolor_wypelnienia 220 190 190
kolor_piora 220 190 190
LN 300 330 294 404
LN 294 404 250 450
LN 350 320 390 380
LN 390 380 390 450
linia 325 190 364 236
linia 376 249 384 256
linia 384 256 404 216
linia 404 216 399 211
linia 325 190 270 255
LN 270 255 320 265
ST
21 10
KW 255 255 255
KP 255 255 255
PR 0 0 700 600 1
KW 160 150 140
KP 160 150 140
PR 0 400 700 600 1
TG 280 150
kolor_wypelnienia 220 190 190
kolor_piora 220 190 190
elipsa 285 90 80 80 1
linia 325 170 320 261
RP 10
kolor_piora 15 225 15
LN 295 115 315 176
LN 300 115 330 171
LN 305 115 350 166
LN 305 110 380 151
LN 305 105 375 151
LN 310 95 385 136
LN 305 95 370 156
LN 325 90 405 106
LN 315 90 395 116
LN 315 90 385 126
LN 295 110 290 176
LN 295 115 270 176
rozmiar_piora 10
kolor_wypelnienia 220 190 190
kolor_piora 220 190 190
LN 300 330 294 404
LN 294 404 250 450
LN 350 320 390 380
LN 390 380 390 450
linia 325 190 364 236
linia 376 249 384 256
linia 384 256 404 216
linia 404 216 399 211
linia 325 190 270 255
LN 270 255 320 270
ST
22 10
KW 255 255 255
KP 255 255 255
PR 0 0 700 600 1
KW 160 150 140
KP 160 150 140
PR 0 400 700 600 1
TG 280 150
kolor_wypelnienia 220 190 190
kolor_piora 220 190 190
elipsa 285 90 80 80 1
linia 325 170 320 261
RP 10
kolor_piora 15 225 15
LN 295 115 316 176
LN 300 115 331 171
LN 305 115 351 166
LN 305 110 381 151
LN 305 105 376 151
LN 310 95 386 136
LN 305 95 371 156
LN 325 90 406 106
LN 315 90 396 116
LN 315 90 386 126
LN 295 110 291 176
LN 295 115 271 176
rozmiar_piora 10
kolor_wypelnienia 220 190 190
kolor_piora 220 190 190
LN 300 330 294 404
LN 294 404 250 450
LN 350 320 390 380
LN 390 380 390 450
linia 325 190 364 236
linia 376 249 384 256
linia 384 256 404 216
linia 404 216 399 211
linia 325 190 270 255
LN 270 255 320 275
ST
23 10
KW 255 255 255
KP 255 255 255
PR 0 0 700 600 1
KW 160 150 140
KP 160 150 140
PR 0 400 700 600 1
TG 280 150
kolor_wypelnienia 220 190 190
kolor_piora 220 190 190
elipsa 285 90 80 80 1
linia 325 170 320 261
RP 10
kolor_piora 15 225 15
LN 295 115 316 176
LN 300 115 331 171
LN 305 115 351 166
LN 305 110 381 151
LN 305 105 376 151
LN 310 95 386 136
LN 305 95 371 156
LN 325 90 406 106
LN 315 90 396 116
LN 315 90 386 126
LN 295 110 291 176
LN 295 115 271 176
rozmiar_piora 10
kolor_wypelnienia 220 190 190
kolor_piora 220 190 190
LN 300 330 294 404
LN 294 404 250 450
LN 350 320 390 380
LN 390 380 390 450
linia 325 190 364 236
linia 376 249 384 256
linia 384 256 404 216
linia 404 216 399 211
linia 325 190 270 255
LN 270 255 320 280
ST
24 10
KW 255 255 255
KP 255 255 255
PR 0 0 700 600 1
KW 160 150 140
KP 160 150 140
PR 0 400 700 600 1
TG 280 150
kolor_wypelnienia 220 190 190
kolor_piora 220 190 190
elipsa 286 90 80 80 1
linia 326 170 320 261
RP 10
kolor_piora 15 225 15
LN 296 115 317 176
LN 301 115 332 171
LN 306 115 352 166
LN 306 110 382 151
LN 306 105 377 151
LN 311 95 387 136
LN 306 95 372 156
LN 326 90 407 106
LN 316 90 397 116
LN 316 90 387 126
LN 296 110 292 176
LN 296 115 272 176
rozmiar_piora 10
kolor_wypelnienia 220 190 190
kolor_piora 220 190 190
LN 300 330 294 404
LN 294 404 250 450
LN 350 320 390 380
LN 390 380 390 450
linia 326 190 364 236
linia 376 249 384 256
linia 384 256 404 216
linia 404 216 399 211
linia 326 190 270 255
LN 270 255 320 300
ST
25 10
KW 255 255 255
KP 255 255 255
PR 0 0 700 600 1
KW 160 150 140
KP 160 150 140
PR 0 400 700 600 1
TG 280 150
kolor_wypelnienia 220 190 190
kolor_piora 220 190 190
elipsa 286 90 80 80 1
linia 326 170 320 261
RP 10
kolor_piora 15 225 15
LN 296 115 317 175
LN 301 115 332 170
LN 306 115 352 165
LN 306 110 382 150
LN 306 105 377 150
LN 311 95 387 135
LN 306 95 372 155
LN 326 90 407 105
LN 316 90 397 115
LN 316 90 387 125
LN 296 110 292 175
LN 296 115 272 175
rozmiar_piora 10
kolor_wypelnienia 220 190 190
kolor_piora 220 190 190
LN 300 330 295 405
LN 295 405 250 450
LN 350 320 390 380
LN 390 380 390 450
linia 326 190 365 235
linia 377 248 385 255
linia 385 255 405 215
linia 405 215 400 210
linia 326 190 270 255
LN 270 255 320 295
ST
26 10
KW 255 255 255
KP 255 255 255
PR 0 0 700 600 1
KW 160 150 140
KP 160 150 140
PR 0 400 700 600 1
TG 280 150
kolor_wypelnienia 220 190 190
kolor_piora 220 190 190
elipsa 286 90 80 80 1
linia 326 170 320 261
RP 10
kolor_piora 15 225 15
LN 296 115 318 175
LN 301 115 333 170
LN 306 115 353 165
LN 306 110 383 150
LN 306 105 378 150
LN 311 95 388 135
LN 306 95 373 155
LN 326 90 408 105
LN 316 90 398 115
LN 316 90 388 125
LN 296 110 293 175
LN 296 115 273 175
rozmiar_piora 10
kolor_wypelnienia 220 190 190
kolor_piora 220 190 190
LN 300 330 295 405
LN 295 405 250 450
LN 350 320 390 380
LN 390 380 390 450
linia 326 190 365 235
linia 377 248 385 255
linia 385 255 405 215
linia 405 215 400 210
linia 326 190 270 255
LN 270 255 320 290
ST
27 10
KW 255 255 255
KP 255 255 255
PR 0 0 700 600 1
KW 160 150 140
KP 160 150 140
PR 0 400 700 600 1
TG 280 150
kolor_wypelnienia 220 190 190
kolor_piora 220 190 190
elipsa 286 90 80 80 1
linia 326 170 320 261
RP 10
kolor_piora 15 225 15
LN 296 115 318 175
LN 301 115 333 170
LN 306 115 353 165
LN 306 110 383 150
LN 306 105 378 150
LN 311 95 388 135
LN 306 95 373 155
LN 326 90 408 105
LN 316 90 398 115
LN 316 90 388 125
LN 296 110 293 175
LN 296 115 273 175
rozmiar_piora 10
kolor_wypelnienia 220 190 190
kolor_piora 220 190 190
LN 300 330 295 405
LN 295 405 250 450
LN 350 320 390 380
LN 390 380 390 450
linia 326 190 365 235
linia 377 248 385 255
linia 385 255 405 215
linia 405 215 400 210
linia 326 190 270 255
LN 270 255 320 285
ST
28 10
KW 255 255 255
KP 255 255 255
PR 0 0 700 600 1
KW 160 150 140
KP 160 150 140
PR 0 400 700 600 1
TG 280 150
kolor_wypelnienia 220 190 190
kolor_piora 220 190 190
elipsa 287 90 80 80 1
linia 327 170 320 261
RP 10
kolor_piora 15 225 15
LN 297 115 319 175
LN 302 115 334 170
LN 307 115 354 165
LN 307 110 384 150
LN 307 105 379 150
LN 312 95 389 135
LN 307 95 374 155
LN 327 90 409 105
LN 317 90 399 115
LN 317 90 389 125
LN 297 110 294 175
LN 297 115 274 175
rozmiar_piora 10
kolor_wypelnienia 220 190 190
kolor_piora 220 190 190
LN 300 330 295 405
LN 295 405 250 450
LN 350 320 390 380
LN 390 380 390 450
linia 327 190 365 235
linia 377 248 385 255
linia 385 255 405 215
linia 405 215 400 210
linia 327 190 270 255
LN 270 255 320 280
ST
29 10
KW 255 255 255
KP 255 255 255
PR 0 0 700 600 1
KW 160 150 140
KP 160 150 140
PR 0 400 700 600 1
TG 280 150
kolor_wypelnienia 220 190 190
kolor_piora 220 190 190
elipsa 287 90 80 80 1
linia 327 170 320 261
RP 10
kolor_piora 15 225 15
LN 297 115 319 175
LN 302 115 334 170
LN 307 115 354 165
LN 307 110 384 150
LN 307 105 379 150
LN 312 95 389 135
LN 307 95 374 155
LN 327 90 409 105
LN 317 90 399 115
LN 317 90 389 125
LN 297 110 294 175
LN 297 115 274 175
rozmiar_piora 10
kolor_wypelnienia 220 190 190
kolor_piora 220 190 190
LN 300 330 295 405
LN 295 405 250 450
LN 350 320 390 380
LN 390 380 390 450
linia 327 190 365 235
linia 377 248 385 255
linia 385 255 405 215
linia 405 215 400 210
linia 327 190 270 255
LN 270 255 320 275
ST
30 10
KW 255 255 255
KP 255 255 255
PR 0 0 700 600 1
KW 160 150 140
KP 160 150 140
PR 0 400 700 600 1
TG 280 150
kolor_wypelnienia 220 190 190
kolor_piora 220 190 190
elipsa 287 90 80 80 1
linia 327 170 320 261
RP 10
kolor_piora 15 225 15
LN 297 115 320 174
LN 302 115 335 169
LN 307 115 355 164
LN 307 110 385 149
LN 307 105 380 149
LN 312 95 390 134
LN 307 95 375 154
LN 327 90 410 104
LN 317 90 400 114
LN 317 90 390 124
LN 297 110 295 174
LN 297 115 275 174
rozmiar_piora 10
kolor_wypelnienia 220 190 190
kolor_piora 220 190 190
LN 300 330 296 406
LN 296 406 250 450
LN 350 320 390 380
LN 390 380 390 450
linia 327 190 366 234
linia 378 247 386 254
linia 386 254 406 214
linia 406 214 401 209
linia 327 190 270 255
LN 270 255 320 255
ST
31 10
KW 255 255 255
KP 255 255 255
PR 0 0 700 600 1
KW 160 150 140
KP 160 150 140
PR 0 400 700 600 1
TG 280 150
kolor_wypelnienia 220 190 190
kolor_piora 220 190 190
elipsa 287 90 80 80 1
linia 327 170 320 261
RP 10
kolor_piora 15 225 15
LN 297 115 320 174
LN 302 115 335 169
LN 307 115 355 164
LN 307 110 385 149
LN 307 105 380 149
LN 312 95 390 134
LN 307 95 375 154
LN 327 90 410 104
LN 317 90 400 114
LN 317 90 390 124
LN 297 110 295 174
LN 297 115 275 174
rozmiar_piora 10
kolor_wypelnienia 220 190 190
kolor_piora 220 190 190
LN 300 330 296 406
LN 296 406 250 450
LN 350 320 390 380
LN 390 380 390 450
linia 327 190 366 234
linia 378 247 386 254
linia 386 254 406 214
linia 406 214 401 209
linia 327 190 270 255
LN 270 255 320 260
ST
32 10
KW 255 255 255
KP 255 255 255
PR 0 0 700 600 1
KW 160 150 140
KP 160 150 140
PR 0 400 700 600 1
TG 280 150
kolor_wypelnienia 220 190 190
kolor_piora 220 190 190
elipsa 288 90 80 80 1
linia 328 170 320 261
RP 10
kolor_piora 15 225 15
LN 298 115 321 174
LN 303 115 336 169
LN 308 115 356 164
LN 308 110 386 149
LN 308 105 381 149
LN 313 95 391 134
LN 308 95 376 154
LN 328 90 411 104
LN 318 90 401 114
LN 318 90 391 124
LN 298 110 296 174
LN 298 115 276 174
rozmiar_piora 10
kolor_wypelnienia 220 190 190
kolor_piora 220 190 190
LN 300 330 296 406
LN 296 406 250 450
LN 350 320 390 380
LN 390 380 390 450
linia 328 190 366 234
linia 378 247 386 254
linia 386 254 406 214
linia 406 214 401 209
linia 328 190 270 255
LN 270 255 320 265
ST
33 10
KW 255 255 255
KP 255 255 255
PR 0 0 700 600 1
KW 160 150 140
KP 160 150 140
PR 0 400 700 600 1
TG 280 150
kolor_wypelnienia 220 190 190
kolor_piora 220 190 190
elipsa 288 90 80 80 1
linia 328 170 320 261
RP 10
kolor_piora 15 225 15
LN 298 115 321 174
LN 303 115 336 169
LN 308 115 356 164
LN 308 110 386 149
LN 308 105 381 149
LN 313 95 391 134
LN 308 95 376 154
LN 328 90 411 104
LN 318 90 401 114
LN 318 90 391 124
LN 298 110 296 174
LN 298 115 276 174
rozmiar_piora 10
kolor_wypelnienia 220 190 190
kolor_piora 220 190 190
LN 300 330 296 406
LN 296 406 250 450
LN 350 320 390 380
LN 390 380 390 450
linia 328 190 366 234
linia 378 247 386 254
linia 386 254 406 214
linia 406 214 401 209
linia 328 190 270 255
LN 270 255 320 270
ST
34 10
KW 255 255 255
KP 255 255 255
PR 0 0 700 600 1
KW 160 150 140
KP 160 150 140
PR 0 400 700 600 1
TG 280 150
kolor_wypelnienia 220 190 190
kolor_piora 220 190 190
elipsa 288 90 80 80 1
linia 328 170 320 261
RP 10
kolor_piora 15 225 15
LN 298 115 322 174
LN 303 115 337 169
LN 308 115 357 164
LN 308 110 387 149
LN 308 105 382 149
LN 313 95 392 134
LN 308 95 377 154
LN 328 90 412 104
LN 318 90 402 114
LN 318 90 392 124
LN 298 110 297 174
LN 298 115 277 174
rozmiar_piora 10
kolor_wypelnienia 220 190 190
kolor_piora 220 190 190
LN 300 330 296 406
LN 296 406 250 450
LN 350 320 390 380
LN 390 380 390 450
linia 328 190 366 234
linia 378 247 386 254
linia 386 254 406 214
linia 406 214 401 209
linia 328 190 270 255
LN 270 255 320 275
ST
35 10
KW 255 255 255
KP 255 255 255
PR 0 0 700 600 1
KW 160 150 140
KP 160 150 140
PR 0 400 700 600 1
TG 280 150
kolor_wypelnienia 220 190 190
kolor_piora 220 190 190
elipsa 288 90 80 80 1
linia 328 170 320 261
RP 10
kolor_piora 15 225 15
LN 298 115 322 173
LN 303 115 337 168
LN 308 115 357 163
LN 308 110 387 148
LN 308 105 382 148
LN 313 95 392 133
LN 308 95 377 153
LN 328 90 412 103
LN 318 90 402 113
LN 318 90 392 123
LN 298 110 297 173
LN 298 115 277 173
rozmiar_piora 10
kolor_wypelnienia 220 190 190
kolor_piora 220 190 190
LN 300 330 297 407
LN 297 407 250 450
LN 350 320 390 380
LN 390 380 390 450
linia 328 190 367 233
linia 379 246 387 253
linia 387 253 407 213
linia 407 213 402 208
linia 328 190 270 255
LN 270 255 320 280
ST
36 10
KW 255 255 255
KP 255 255 255
PR 0 0 700 600 1
KW 160 150 140
KP 160 150 140
PR 0 400 700 600 1
TG 280 150
kolor_wypelnienia 220 190 190
kolor_piora 220 190 190
elipsa 289 90 80 80 1
linia 329 170 320 261
RP 10
kolor_piora 15 225 15
LN 299 115 323 173
LN 304 115 338 168
LN 309 115 358 163
LN 309 110 388 148
LN 309 105 383 148
LN 314 95 393 133
LN 309 95 378 153
LN 329 90 413 103
LN 319 90 403 113
LN 319 90 393 123
LN 299 110 298 173
LN 299 115 278 173
rozmiar_piora 10
kolor_wypelnienia 220 190 190
kolor_piora 220 190 190
LN 300 330 297 407
LN 297 407 250 450
LN 350 320 390 380
LN 390 380 390 450
linia 329 190 367 233
linia 379 246 387 253
linia 387 253 407 213
linia 407 213 402 208
linia 329 190 270 255
LN 270 255 320 300
ST
37 10
KW 255 255 255
KP 255 255 255
PR 0 0 700 600 1
KW 160 150 140
KP 160 150 140
PR 0 400 700 600 1
TG 280 150
kolor_wypelnienia 220 190 190
kolor_piora 220 190 190
elipsa 289 90 80 80 1
linia 329 170 320 261
RP 10
kolor_piora 15 225 15
LN 299 115 323 173
LN 304 115 338 168
LN 309 115 358 163
LN 309 110 388 148
LN 309 105 383 148
LN 314 95 393 133
LN 309 95 378 153
LN 329 90 413 103
LN 319 90 403 113
LN 319 90 393 123
LN 299 110 298 173
LN 299 115 278 173
rozmiar_piora 10
kolor_wypelnienia 220 190 190
kolor_piora 220 190 190
LN 300 330 297 407
LN 297 407 250 450
LN 350 320 390 380
LN 390 380 390 450
linia 329 190 367 233
linia 379 246 387 253
linia 387 253 407 213
linia 407 213 402 208
linia 329 190 270 255
LN 270 255 320 295
ST
38 10
KW 255 255 255
KP 255 255 255
PR 0 0 700 600 1
KW 160 150 140
KP 160 150 140
PR 0 400 700 600 1
TG 280 150
kolor_wypelnienia 220 190 190
kolor_piora 220 190 190
elipsa 289 90 80 80 1
linia 329 170 320 261
RP 10
kolor_piora 15 225 15
LN 299 115 324 173
LN 304 115 339 168
LN 309 115 359 163
LN 309 110 389 148
LN 309 105 384 148
LN 314 95 394 133
LN 309 95 379 153
LN 329 90 414 103
LN 319 90 404 113
LN 319 90 394 123
LN 299 110 299 173
LN 299 115 279 173
rozmiar_piora 10
kolor_wypelnienia 220 190 190
kolor_piora 220 190 190
LN 300 330 297 407
LN 297 407 250 450
LN 350 320 390 380
LN 390 380 390 450
linia 329 190 367 233
linia 379 246 387 253
linia 387 253 407 213
linia 407 213 402 208
linia 329 190 270 255
LN 270 255 320 290
ST
39 10
KW 255 255 255
KP 255 255 255
PR 0 0 700 600 1
KW 160 150 140
KP 160 150 140
PR 0 400 700 600 1
TG 280 150
kolor_wypelnienia 220 190 190
kolor_piora 220 190 190
elipsa 289 90 80 80 1
linia 329 170 320 261
RP 10
kolor_piora 15 225 15
LN 299 115 324 173
LN 304 115 339 168
LN 309 115 359 163
LN 309 110 389 148
LN 309 105 384 148
LN 314 95 394 133
LN 309 95 379 153
LN 329 90 414 103
LN 319 90 404 113
LN 319 90 394 123
LN 299 110 299 173
LN 299 115 279 173
rozmiar_piora 10
kolor_wypelnienia 220 190 190
kolor_piora 220 190 190
LN 300 330 297 407
LN 297 407 250 450
LN 350 320 390 380
LN 390 380 390 450
linia 329 190 367 233
linia 379 246 387 253
linia 387 253 407 213
linia 407 213 402 208
linia 329 190 270 255
LN 270 255 320 285
ST
40 10
KW 255 255 255
KP 255 255 255
PR 0 0 700 600 1
KW 160 150 140
KP 160 150 140
PR 0 400 700 600 1
TG 280 150
kolor_wypelnienia 220 190 190
kolor_piora 220 190 190
elipsa 290 90 80 80 1
linia 330 170 320 261
RP 10
kolor_piora 15 225 15
LN 300 115 325 172
LN 305 115 340 167
LN 310 115 360 162
LN 310 110 390 147
LN 310 105 385 147
LN 315 95 395 132
LN 310 95 380 152
LN 330 90 415 102
LN 320 90 405 112
LN 320 90 395 122
LN 300 110 300 172
LN 300 115 280 172
rozmiar_piora 10
kolor_wypelnienia 220 190 190
kolor_piora 220 190 190
LN 300 330 298 408
LN 298 408 250 450
LN 350 320 390 380
LN 390 380 390 450
linia 330 190 368 232
linia 380 245 388 252
linia 388 252 408 212
linia 408 212 403 207
linia 330 190 270 255
LN 270 255 320 280
ST
41 10
KW 255 255 255
KP 255 255 255
PR 0 0 700 600 1
KW 160 150 140
KP 160 150 140
PR 0 400 700 600 1
TG 280 150
kolor_wypelnienia 220 190 190
kolor_piora 220 190 190
elipsa 290 90 80 80 1
linia 330 170 320 261
RP 10
kolor_piora 15 225 15
LN 300 115 325 172
LN 305 115 340 167
LN 310 115 360 162
LN 310 110 390 147
LN 310 105 385 147
LN 315 95 395 132
LN 310 95 380 152
LN 330 90 415 102
LN 320 90 405 112
LN 320 90 395 122
LN 300 110 300 172
LN 300 115 280 172
rozmiar_piora 10
kolor_wypelnienia 220 190 190
kolor_piora 220 190 190
LN 300 330 298 408
LN 298 408 250 450
LN 350 320 390 380
LN 390 380 390 450
linia 330 190 368 232
linia 380 245 388 252
linia 388 252 408 212
linia 408 212 403 207
linia 330 190 270 255
LN 270 255 320 275
ST
42 10
KW 255 255 255
KP 255 255 255
PR 0 0 700 600 1
KW 160 150 140
KP 160 150 140
PR 0 400 700 600 1
TG 280 150
kolor_wypelnienia 220 190 190
kolor_piora 220 190 190
elipsa 290 90 80 80 1
linia 330 170 320 261
RP 10
kolor_piora 15 225 15
LN 300 115 326 172
LN 305 115 341 167
LN 310 115 361 162
LN 310 110 391 147
LN 310 105 386 147
LN 315 95 396 132
LN 310 95 381 152
LN 330 90 416 102
LN 320 90 406 112
LN 320 90 396 122
LN 300 110 301 172
LN 300 115 281 172
rozmiar_piora 10
kolor_wypelnienia 220 190 190
kolor_piora 220 190 190
LN 300 330 298 408
LN 298 408 250 450
LN 350 320 390 380
LN 390 380 390 450
linia 330 190 368 232
linia 380 245 388 252
linia 388 252 408 212
linia 408 212 403 207
linia 330 190 270 255
LN 270 255 320 255
ST
43 10
KW 255 255 255
KP 255 255 255
PR 0 0 700 600 1
KW 160 150 140
KP 160 150 140
PR 0 400 700 600 1
TG 280 150
kolor_wypelnienia 220 190 190
kolor_piora 220 190 190
elipsa 290 90 80 80 1
linia 330 170 320 261
RP 10
kolor_piora 15 225 15
LN 300 115 326 172
LN 305 115 341 167
LN 310 115 361 162
LN 310 110 391 147
LN 310 105 386 147
LN 315 95 396 132
LN 310 95 381 152
LN 330 90 416 102
LN 320 90 406 112
LN 320 90 396 122
LN 300 110 301 172
LN 300 115 281 172
rozmiar_piora 10
kolor_wypelnienia 220 190 190
kolor_piora 220 190 190
LN 300 330 298 408
LN 298 408 250 450
LN 350 320 390 380
LN 390 380 390 450
linia 330 190 368 232
linia 380 245 388 252
linia 388 252 408 212
linia 408 212 403 207
linia 330 190 270 255
LN 270 255 320 260
ST
44 10
KW 255 255 255
KP 255 255 255
PR 0 0 700 600 1
KW 160 150 140
KP 160 150 140
PR 0 400 700 600 1
TG 280 150
kolor_wypelnienia 220 190 190
kolor_piora 220 190 190
elipsa 291 90 80 80 1
linia 331 170 320 261
RP 10
kolor_piora 15 225 15
LN 301 115 327 172
LN 306 115 342 167
LN 311 115 362 162
LN 311 110 392 147
LN 311 105 387 147
LN 316 95 397 132
LN 311 95 382 152
LN 331 90 417 102
LN 321 90 407 112
LN 321 90 397 122
LN 301 110 302 172
LN 301 115 282 172
rozmiar_piora 10
kolor_wypelnienia 220 190 190
kolor_piora 220 190 190
LN 300 330 298 408
LN 298 408 250 450
LN 350 320 390 380
LN 390 380 390 450
linia 331 190 368 232
linia 380 245 388 252
linia 388 252 408 212
linia 408 212 403 207
linia 331 190 270 255
LN 270 255 320 265
ST
45 10
KW 255 255 255
KP 255 255 255
PR 0 0 700 600 1
KW 160 150 140
KP 160 150 140
PR 0 400 700 600 1
TG 280 150
kolor_wypelnienia 220 190 190
kolor_piora 220 190 190
elipsa 291 90 80 80 1
linia 331 170 320 261
RP 10
kolor_piora 15 225 15
LN 301 115 327 171
LN 306 115 342 166
LN 311 115 362 161
LN 311 110 392 146
LN 311 105 387 146
LN 316 95 397 131
LN 311 95 382 151
LN 331 90 417 101
LN 321 90 407 111
LN 321 90 397 121
LN 301 110 302 171
LN 301 115 282 171
rozmiar_piora 10
kolor_wypelnienia 220 190 190
kolor_piora 220 190 190
LN 300 330 299 409
LN 299 409 250 450
LN 350 320 390 380
LN 390 380 390 450
linia 331 190 369 231
linia 381 244 389 251
linia 389 251 409 211
linia 409 211 404 206
linia 331 190 270 255
LN 270 255 320 270
ST
46 10
KW 255 255 255
KP 255 255 255
PR 0 0 700 600 1
KW 160 150 140
KP 160 150 140
PR 0 400 700 600 1
TG 280 150
kolor_wypelnienia 220 190 190
kolor_piora 220 190 190
elipsa 291 90 80 80 1
linia 331 170 320 261
RP 10
kolor_piora 15 225 15
LN 301 115 328 171
LN 306 115 343 166
LN 311 115 363 161
LN 311 110 393 146
LN 311 105 388 146
LN 316 95 398 131
LN 311 95 383 151
LN 331 90 418 101
LN 321 90 408 111
LN 321 90 398 121
LN 301 110 303 171
LN 301 115 283 171
rozmiar_piora 10
kolor_wypelnienia 220 190 190
kolor_piora 220 190 190
LN 300 330 299 409
LN 299 409 250 450
LN 350 320 390 380
LN 390 380 390 450
linia 331 190 369 231
linia 381 244 389 251
linia 389 251 409 211
linia 409 211 404 206
linia 331 190 270 255
LN 270 255 320 275
ST
47 10
KW 255 255 255
KP 255 255 255
PR 0 0 700 600 1
KW 160 150 140
KP 160 150 140
PR 0 400 700 600 1
TG 280 150
kolor_wypelnienia 220 190 190
kolor_piora 220 190 190
elipsa 291 90 80 80 1
linia 331 170 320 261
RP 10
kolor_piora 15 225 15
LN 301 115 328 171
LN 306 115 343 166
LN 311 115 363 161
LN 311 110 393 146
LN 311 105 388 146
LN 316 95 398 131
LN 311 95 383 151
LN 331 90 418 101
LN 321 90 408 111
LN 321 90 398 121
LN 301 110 303 171
LN 301 115 283 171
rozmiar_piora 10
kolor_wypelnienia 220 190 190
kolor_piora 220 190 190
LN 300 330 299 409
LN 299 409 250 450
LN 350 320 390 380
LN 390 380 390 450
linia 331 190 369 231
linia 381 244 389 251
linia 389 251 409 211
linia 409 211 404 206
linia 331 190 270 255
LN 270 255 320 280
ST
48 10
KW 255 255 255
KP 255 255 255
PR 0 0 700 600 1
KW 160 150 140
KP 160 150 140
PR 0 400 700 600 1
TG 280 150
kolor_wypelnienia 220 190 190
kolor_piora 220 190 190
elipsa 292 90 80 80 1
linia 332 170 320 261
RP 10
kolor_piora 15 225 15
LN 302 115 329 171
LN 307 115 344 166
LN 312 115 364 161
LN 312 110 394 146
LN 312 105 389 146
LN 317 95 399 131
LN 312 95 384 151
LN 332 90 419 101
LN 322 90 409 111
LN 322 90 399 121
LN 302 110 304 171
LN 302 115 284 171
rozmiar_piora 10
kolor_wypelnienia 220 190 190
kolor_piora 220 190 190
LN 300 330 299 409
LN 299 409 250 450
LN 350 320 390 380
LN 390 380 390 450
linia 332 190 369 231
linia 381 244 389 251
linia 389 251 409 211
linia 409 211 404 206
linia 332 190 270 255
LN 270 255 320 300
ST
49 10
KW 255 255 255
KP 255 255 255
PR 0 0 700 600 1
KW 160 150 140
KP 160 150 140
PR 0 400 700 600 1
TG 280 150
kolor_wypelnienia 220 190 190
kolor_piora 220 190 190
elipsa 292 90 80 80 1
linia 332 170 320 261
RP 10
kolor_piora 15 225 15
LN 302 115 329 171
LN 307 115 344 166
LN 312 115 364 161
LN 312 110 394 146
LN 312 105 389 146
LN 317 95 399 131
LN 312 95 384 151
LN 332 90 419 101
LN 322 90 409 111
LN 322 90 399 121
LN 302 110 304 171
LN 302 115 284 171
rozmiar_piora 10
kolor_wypelnienia 220 190 190
kolor_piora 220 190 190
LN 300 330 299 409
LN 299 409 250 450
LN 350 320 390 380
LN 390 380 390 450
linia 332 190 369 231
linia 381 244 389 251
linia 389 251 409 211
linia 409 211 404 206
linia 332 190 270 255
LN 270 255 320 295
ST
50 10
KW 255 255 255
KP 255 255 255
PR 0 0 700 600 1
KW 160 150 140
KP 160 150 140
PR 0 400 700 600 1
TG 280 150
kolor_wypelnienia 220 190 190
kolor_piora 220 190 190
elipsa 292 90 80 80 1
linia 332 170 320 261
RP 10
kolor_piora 15 225 15
LN 302 115 330 170
LN 307 115 345 165
LN 312 115 365 160
LN 312 110 395 145
LN 312 105 390 145
LN 317 95 400 130
LN 312 95 385 150
LN 332 90 420 100
LN 322 90 410 110
LN 322 90 400 120
LN 302 110 305 170
LN 302 115 285 170
rozmiar_piora 10
kolor_wypelnienia 220 190 190
kolor_piora 220 190 190
LN 300 330 300 410
LN 300 410 250 450
LN 350 320 390 380
LN 390 380 390 450
linia 332 190 370 230
linia 382 243 390 250
linia 390 250 410 210
linia 410 210 405 205
linia 332 190 270 255
LN 270 255 320 290
ST
51 10
KW 255 255 255
KP 255 255 255
PR 0 0 700 600 1
KW 160 150 140
KP 160 150 140
PR 0 400 700 600 1
TG 280 150
kolor_wypelnienia 220 190 190
kolor_piora 220 190 190
elipsa 292 90 80 80 1
linia 332 170 320 261
RP 10
kolor_piora 15 225 15
LN 302 115 330 170
LN 307 115 345 165
LN 312 115 365 160
LN 312 110 395 145
LN 312 105 390 145
LN 317 95 400 130
LN 312 95 385 150
LN 332 90 420 100
LN 322 90 410 110
LN 322 90 400 120
LN 302 110 305 170
LN 302 115 285 170
rozmiar_piora 10
kolor_wypelnienia 220 190 190
kolor_piora 220 190 190
LN 300 330 300 410
LN 300 410 250 450
LN 350 320 390 380
LN 390 380 390 450
linia 332 190 370 230
linia 382 243 390 250
linia 390 250 410 210
linia 410 210 405 205
linia 332 190 270 255
LN 270 255 320 285
ST
52 10
KW 255 255 255
KP 255 255 255
PR 0 0 700 600 1
KW 160 150 140
KP 160 150 140
PR 0 400 700 600 1
TG 280 150
kolor_wypelnienia 220 190 190
kolor_piora 220 190 190
elipsa 293 90 80 80 1
linia 333 170 320 261
RP 10
kolor_piora 15 225 15
LN 303 115 331 170
LN 308 115 346 165
LN 313 115 366 160
LN 313 110 396 145
LN 313 105 391 145
LN 318 95 401 130
LN 313 95 386 150
LN 333 90 421 100
LN 323 90 411 110
LN 323 90 401 120
LN 303 110 306 170
LN 303 115 286 170
rozmiar_piora 10
kolor_wypelnienia 220 190 190
kolor_piora 220 190 190
LN 300 330 300 410
LN 300 410 250 450
LN 350 320 390 380
LN 390 380 390 450
linia 333 190 370 230
linia 382 243 390 250
linia 390 250 410 210
linia 410 210 405 205
linia 333 190 270 255
LN 270 255 320 280
ST
53 10
KW 255 255 255
KP 255 255 255
PR 0 0 700 600 1
KW 160 150 140
KP 160 150 140
PR 0 400 700 600 1
TG 280 150
kolor_wypelnienia 220 190 190
kolor_piora 220 190 190
elipsa 293 90 80 80 1
linia 333 170 320 261
RP 10
kolor_piora 15 225 15
LN 303 115 331 170
LN 308 115 346 165
LN 313 115 366 160
LN 313 110 396 145
LN 313 105 391 145
LN 318 95 401 130
LN 313 95 386 150
LN 333 90 421 100
LN 323 90 411 110
LN 323 90 401 120
LN 303 110 306 170
LN 303 115 286 170
rozmiar_piora 10
kolor_wypelnienia 220 190 190
kolor_piora 220 190 190
LN 300 330 300 410
LN 300 410 250 450
LN 350 320 390 380
LN 390 380 390 450
linia 333 190 370 230
linia 382 243 390 250
linia 390 250 410 210
linia 410 210 405 205
linia 333 190 270 255
LN 270 255 320 275
ST
54 10
KW 255 255 255
KP 255 255 255
PR 0 0 700 600 1
KW 160 150 140
KP 160 150 140
PR 0 400 700 600 1
TG 280 150
kolor_wypelnienia 220 190 190
kolor_piora 220 190 190
elipsa 293 90 80 80 1
linia 333 170 320 261
RP 10
kolor_piora 15 225 15
LN 303 115 332 170
LN 308 115 347 165
LN 313 115 367 160
LN 313 110 397 145
LN 313 105 392 145
LN 318 95 402 130
LN 313 95 387 150
LN 333 90 422 100
LN 323 90 412 110
LN 323 90 402 120
LN 303 110 307 170
LN 303 115 287 170
rozmiar_piora 10
kolor_wypelnienia 220 190 190
kolor_piora 220 190 190
LN 300 330 300 410
LN 300 410 250 450
LN 350 320 390 380
LN 390 380 390 450
linia 333 190 370 230
linia 382 243 390 250
linia 390 250 410 210
linia 410 210 405 205
linia 333 190 270 255
LN 270 255 320 255
ST
55 10
KW 255 255 255
KP 255 255 255
PR 0 0 700 600 1
KW 160 150 140
KP 160 150 140
PR 0 400 700 600 1
TG 280 150
kolor_wypelnienia 220 190 190
kolor_piora 220 190 190
elipsa 293 90 80 80 1
linia 333 170 320 261
RP 10
kolor_piora 15 225 15
LN 303 115 332 169
LN 308 115 347 164
LN 313 115 367 159
LN 313 110 397 144
LN 313 105 392 144
LN 318 95 402 129
LN 313 95 387 149
LN 333 90 422 99
LN 323 90 412 109
LN 323 90 402 119
LN 303 110 307 169
LN 303 115 287 169
rozmiar_piora 10
kolor_wypelnienia 220 190 190
kolor_piora 220 190 190
LN 300 330 301 411
LN 301 411 250 450
LN 350 320 390 380
LN 390 380 390 450
linia 333 190 371 229
linia 383 242 391 249
linia 391 249 411 209
linia 411 209 406 204
linia 333 190 270 255
LN 270 255 320 260
ST
56 10
KW 255 255 255
KP 255 255 255
PR 0 0 700 600 1
KW 160 150 140
KP 160 150 140
PR 0 400 700 600 1
TG 280 150
kolor_wypelnienia 220 190 190
kolor_piora 220 190 190
elipsa 294 90 80 80 1
linia 334 170 320 261
RP 10
kolor_piora 15 225 15
LN 304 115 333 169
LN 309 115 348 164
LN 314 115 368 159
LN 314 110 398 144
LN 314 105 393 144
LN 319 95 403 129
LN 314 95 388 149
LN 334 90 423 99
LN 324 90 413 109
LN 324 90 403 119
LN 304 110 308 169
LN 304 115 288 169
rozmiar_piora 10
kolor_wypelnienia 220 190 190
kolor_piora 220 190 190
LN 300 330 301 411
LN 301 411 250 450
LN 350 320 390 380
LN 390 380 390 450
linia 334 190 371 229
linia 383 242 391 249
linia 391 249 411 209
linia 411 209 406 204
linia 334 190 270 255
LN 270 255 320 265
ST
57 10
KW 255 255 255
KP 255 255 255
PR 0 0 700 600 1
KW 160 150 140
KP 160 150 140
PR 0 400 700 600 1
TG 280 150
kolor_wypelnienia 220 190 190
kolor_piora 220 190 190
elipsa 294 90 80 80 1
linia 334 170 320 261
RP 10
kolor_piora 15 225 15
LN 304 115 333 169
LN 309 115 348 164
LN 314 115 368 159
LN 314 110 398 144
LN 314 105 393 144
LN 319 95 403 129
LN 314 95 388 149
LN 334 90 423 99
LN 324 90 413 109
LN 324 90 403 119
LN 304 110 308 169
LN 304 115 288 169
rozmiar_piora 10
kolor_wypelnienia 220 190 190
kolor_piora 220 190 190
LN 300 330 301 411
LN 301 411 250 450
LN 350 320 390 380
LN 390 380 390 450
linia 334 190 371 229
linia 383 242 391 249
linia 391 249 411 209
linia 411 209 406 204
linia 334 190 270 255
LN 270 255 320 270
ST
58 10
KW 255 255 255
KP 255 255 255
PR 0 0 700 600 1
KW 160 150 140
KP 160 150 140
PR 0 400 700 600 1
TG 280 150
kolor_wypelnienia 220 190 190
kolor_piora 220 190 190
elipsa 294 90 80 80 1
linia 334 170 320 261
RP 10
kolor_piora 15 225 15
LN 304 115 334 169
LN 309 115 349 164
LN 314 115 369 159
LN 314 110 399 144
LN 314 105 394 144
LN 319 95 404 129
LN 314 95 389 149
LN 334 90 424 99
LN 324 90 414 109
LN 324 90 404 119
LN 304 110 309 169
LN 304 115 289 169
rozmiar_piora 10
kolor_wypelnienia 220 190 190
kolor_piora 220 190 190
LN 300 330 301 411
LN 301 411 250 450
LN 350 320 390 380
LN 390 380 390 450
linia 334 190 371 229
linia 383 242 391 249
linia 391 249 411 209
linia 411 209 406 204
linia 334 190 270 255
LN 270 255 320 275
ST
59 10
KW 255 255 255
KP 255 255 255
PR 0 0 700 600 1
KW 160 150 140
KP 160 150 140
PR 0 400 700 600 1
TG 280 150
kolor_wypelnienia 220 190 190
kolor_piora 220 190 190
elipsa 294 90 80 80 1
linia 334 170 320 261
RP 10
kolor_piora 15 225 15
LN 304 115 334 169
LN 309 115 349 164
LN 314 115 369 159
LN 314 110 399 144
LN 314 105 394 144
LN 319 95 404 129
LN 314 95 389 149
LN 334 90 424 99
LN 324 90 414 109
LN 324 90 404 119
LN 304 110 309 169
LN 304 115 289 169
rozmiar_piora 10
kolor_wypelnienia 220 190 190
kolor_piora 220 190 190
LN 300 330 301 411
LN 301 411 250 450
LN 350 320 390 380
LN 390 380 390 450
linia 334 190 371 229
linia 383 242 391 249
linia 391 249 411 209
linia 411 209 406 204
linia 334 190 270 255
LN 270 255 320 280
ST
60 10
KW 255 255 255
KP 255 255 255
PR 0 0 700 600 1
KW 160 150 140
KP 160 150 140
PR 0 400 700 600 1
TG 280 150
kolor_wypelnienia 220 190 190
kolor_piora 220 190 190
elipsa 295 90 80 80 1
linia 335 170 320 261
RP 10
kolor_piora 15 225 15
LN 305 115 335 168
LN 310 115 350 163
LN 315 115 370 158
LN 315 110 400 143
LN 315 105 395 143
LN 320 95 405 128
LN 315 95 390 148
LN 335 90 425 98
LN 325 90 415 108
LN 325 90 405 118
LN 305 110 310 168
LN 305 115 290 168
rozmiar_piora 10
kolor_wypelnienia 220 190 190
kolor_piora 220 190 190
LN 300 330 302 412
LN 302 412 250 450
LN 350 320 390 380
LN 390 380 390 450
linia 335 190 372 228
linia 384 241 392 248
linia 392 248 412 208
linia 412 208 407 203
linia 335 190 270 255
LN 270 255 320 300
ST
61 10
KW 255 255 255
KP 255 255 255
PR 0 0 700 600 1
KW 160 150 140
KP 160 150 140
PR 0 400 700 600 1
TG 280 150
kolor_wypelnienia 220 190 190
kolor_piora 220 190 190
elipsa 295 90 80 80 1
linia 335 170 320 261
RP 10
kolor_piora 15 225 15
LN 305 115 335 168
LN 310 115 350 163
LN 315 115 370 158
LN 315 110 400 143
LN 315 105 395 143
LN 320 95 405 128
LN 315 95 390 148
LN 335 90 425 98
LN 325 90 415 108
LN 325 90 405 118
LN 305 110 310 168
LN 305 115 290 168
rozmiar_piora 10
kolor_wypelnienia 220 190 190
kolor_piora 220 190 190
LN 300 330 302 412
LN 302 412 250 450
LN 350 320 390 380
LN 390 380 390 450
linia 335 190 372 228
linia 384 241 392 248
linia 392 248 412 208
linia 412 208 407 203
linia 335 190 270 255
LN 270 255 320 295
ST
62 10
KW 255 255 255
KP 255 255 255
PR 0 0 700 600 1
KW 160 150 140
KP 160 150 140
PR 0 400 700 600 1
TG 280 150
kolor_wypelnienia 220 190 190
kolor_piora 220 190 190
elipsa 295 90 80 80 1
linia 335 170 320 261
RP 10
kolor_piora 15 225 15
LN 305 115 336 168
LN 310 115 351 163
LN 315 115 371 158
LN 315 110 401 143
LN 315 105 396 143
LN 320 95 406 128
LN 315 95 391 148
LN 335 90 426 98
LN 325 90 416 108
LN 325 90 406 118
LN 305 110 311 168
LN 305 115 291 168
rozmiar_piora 10
kolor_wypelnienia 220 190 190
kolor_piora 220 190 190
LN 300 330 302 412
LN 302 412 250 450
LN 350 320 390 380
LN 390 380 390 450
linia 335 190 372 228
linia 384 241 392 248
linia 392 248 412 208
linia 412 208 407 203
linia 335 190 270 255
LN 270 255 320 290
ST
63 10
KW 255 255 255
KP 255 255 255
PR 0 0 700 600 1
KW 160 150 140
KP 160 150 140
PR 0 400 700 600 1
TG 280 150
kolor_wypelnienia 220 190 190
kolor_piora 220 190 190
elipsa 295 90 80 80 1
linia 335 170 320 261
RP 10
kolor_piora 15 225 15
LN 305 115 336 168
LN 310 115 351 163
LN 315 115 371 158
LN 315 110 401 143
LN 315 105 396 143
LN 320 95 406 128
LN 315 95 391 148
LN 335 90 426 98
LN 325 90 416 108
LN 325 90 406 118
LN 305 110 311 168
LN 305 115 291 168
rozmiar_piora 10
kolor_wypelnienia 220 190 190
kolor_piora 220 190 190
LN 300 330 302 412
LN 302 412 250 450
LN 350 320 390 380
LN 390 380 390 450
linia 335 190 372 228
linia 384 241 392 248
linia 392 248 412 208
linia 412 208 407 203
linia 335 190 270 255
LN 270 255 320 285
ST
64 10
KW 255 255 255
KP 255 255 255
PR 0 0 700 600 1
KW 160 150 140
KP 160 150 140
PR 0 400 700 600 1
TG 280 150
kolor_wypelnienia 220 190 190
kolor_piora 220 190 190
elipsa 296 90 80 80 1
linia 336 170 320 261
RP 10
kolor_piora 15 225 15
LN 306 115 337 168
LN 311 115 352 163
LN 316 115 372 158
LN 316 110 402 143
LN 316 105 397 143
LN 321 95 407 128
LN 316 95 392 148
LN 336 90 427 98
LN 326 90 417 108
LN 326 90 407 118
LN 306 110 312 168
LN 306 115 292 168
rozmiar_piora 10
kolor_wypelnienia 220 190 190
kolor_piora 220 190 190
LN 300 330 302 412
LN 302 412 250 450
LN 350 320 390 380
LN 390 380 390 450
linia 336 190 372 228
linia 384 241 392 248
linia 392 248 412 208
linia 412 208 407 203
linia 336 190 270 255
LN 270 255 320 280
ST
65 10
KW 255 255 255
KP 255 255 255
PR 0 0 700 600 1
KW 160 150 140
KP 160 150 140
PR 0 400 700 600 1
TG 280 150
kolor_wypelnienia 220 190 190
kolor_piora 220 190 190
elipsa 296 90 80 80 1
linia 336 170 320 261
RP 10
kolor_piora 15 225 15
LN 306 115 337 167
LN 311 115 352 162
LN 316 115 372 157
LN 316 110 402 142
LN 316 105 397 142
LN 321 95 407 127
LN 316 95 392 147
LN 336 90 427 97
LN 326 90 417 107
LN 326 90 407 117
LN 306 110 312 167
LN 306 115 292 167
rozmiar_piora 10
kolor_wypelnienia 220 190 190
kolor_piora 220 190 190
LN 300 330 303 413
LN 303 413 250 450
LN 350 320 390 380
LN 390 380 390 450
linia 336 190 373 227
linia 385 240 393 247
linia 393 247 413 207
linia 413 207 408 202
linia 336 190 270 255
LN 270 255 320 275
ST
66 10
KW 255 255 255
KP 255 255 255
PR 0 0 700 600 1
KW 160 150 140
KP 160 150 140
PR 0 400 700 600 1
TG 280 150
kolor_wypelnienia 220 190 190
kolor_piora 220 190 190
elipsa 296 90 80 80 1
linia 336 170 320 261
RP 10
kolor_piora 15 225 15
LN 306 115 338 167
LN 311 115 353 162
LN 316 115 373 157
LN 316 110 403 142
LN 316 105 398 142
LN 321 95 408 127
LN 316 95 393 147
LN 336 90 428 97
LN 326 90 418 107
LN 326 90 408 117
LN 306 110 313 167
LN 306 115 293 167
rozmiar_piora 10
kolor_wypelnienia 220 190 190
kolor_piora 220 190 190
LN 300 330 303 413
LN 303 413 250 450
LN 350 320 390 380
LN 390 380 390 450
linia 336 190 373 227
linia 385 240 393 247
linia 393 247 413 207
linia 413 207 408 202
linia 336 190 270 255
LN 270 255 320 255
ST
67 10
KW 255 255 255
KP 255 255 255
PR 0 0 700 600 1
KW 160 150 140
KP 160 150 140
PR 0 400 700 600 1
TG 280 150
kolor_wypelnienia 220 190 190
kolor_piora 220 190 190
elipsa 296 90 80 80 1
linia 336 170 320 261
RP 10
kolor_piora 15 225 15
LN 306 115 338 167
LN 311 115 353 162
LN 316 115 373 157
LN 316 110 403 142
LN 316 105 398 142
LN 321 95 408 127
LN 316 95 393 147
LN 336 90 428 97
LN 326 90 418 107
LN 326 90 408 117
LN 306 110 313 167
LN 306 115 293 167
rozmiar_piora 10
kolor_wypelnienia 220 190 190
kolor_piora 220 190 190
LN 300 330 303 413
LN 303 413 250 450
LN 350 320 390 380
LN 390 380 390 450
linia 336 190 373 227
linia 385 240 393 247
linia 393 247 413 207
linia 413 207 408 202
linia 336 190 270 255
LN 270 255 320 260
ST
68 10
KW 255 255 255
KP 255 255 255
PR 0 0 700 600 1
KW 160 150 140
KP 160 150 140
PR 0 400 700 600 1
TG 280 150
kolor_wypelnienia 220 190 190
kolor_piora 220 190 190
elipsa 297 90 80 80 1
linia 337 170 320 261
RP 10
kolor_piora 15 225 15
LN 307 115 339 167
LN 312 115 354 162
LN 317 115 374 157
LN 317 110 404 142
LN 317 105 399 142
LN 322 95 409 127
LN 317 95 394 147
LN 337 90 429 97
LN 327 90 419 107
LN 327 90 409 117
LN 307 110 314 167
LN 307 115 294 167
rozmiar_piora 10
kolor_wypelnienia 220 190 190
kolor_piora 220 190 190
LN 300 330 303 413
LN 303 413 250 450
LN 350 320 390 380
LN 390 380 390 450
linia 337 190 373 227
linia 385 240 393 247
linia 393 247 413 207
linia 413 207 408 202
linia 337 190 270 255
LN 270 255 320 265
ST
69 10
KW 255 255 255
KP 255 255 255
PR 0 0 700 600 1
KW 160 150 140
KP 160 150 140
PR 0 400 700 600 1
TG 280 150
kolor_wypelnienia 220 190 190
kolor_piora 220 190 190
elipsa 297 90 80 80 1
linia 337 170 320 261
RP 10
kolor_piora 15 225 15
LN 307 115 339 167
LN 312 115 354 162
LN 317 115 374 157
LN 317 110 404 142
LN 317 105 399 142
LN 322 95 409 127
LN 317 95 394 147
LN 337 90 429 97
LN 327 90 419 107
LN 327 90 409 117
LN 307 110 314 167
LN 307 115 294 167
rozmiar_piora 10
kolor_wypelnienia 220 190 190
kolor_piora 220 190 190
LN 300 330 303 413
LN 303 413 250 450
LN 350 320 390 380
LN 390 380 390 450
linia 337 190 373 227
linia 385 240 393 247
linia 393 247 413 207
linia 413 207 408 202
linia 337 190 270 255
LN 270 255 320 270
ST
70 10
KW 255 255 255
KP 255 255 255
PR 0 0 700 600 1
KW 160 150 140
KP 160 150 140
PR 0 400 700 600 1
TG 280 180
kolor_wypelnienia 220 190 190
kolor_piora 220 190 190
elipsa 263 120 80 80 1
RP 10
kolor_piora 15 225 15
LN 273 145 288 196
LN 278 145 303 191
LN 283 145 323 186
LN 283 140 353 171
LN 283 135 348 171
LN 288 125 358 156
LN 283 125 343 176
LN 303 120 378 126
LN 293 120 368 136
LN 293 120 358 146
LN 273 130 263 196
LN 273 135 243 196
rozmiar_piora 10
kolor_wypelnienia 220 190 190
kolor_piora 220 190 190
LN 300 360 290 460
LN 290 460 250 460
LN 350 350 390 440
LN 390 440 350 440
linia 303 200 320 291
linia 303 220 374 256
linia 386 269 394 276
linia 394 276 414 236
linia 414 236 409 231
linia 303 220 270 285
LN 270 285 300 320
LN 300 320 315 312
ST
71 10
KW 255 255 255
KP 255 255 255
PR 0 0 700 600 1
KW 160 150 140
KP 160 150 140
PR 0 400 700 600 1
TG 280 180
kolor_wypelnienia 220 190 190
kolor_piora 220 190 190
elipsa 263 120 80 80 1
RP 10
kolor_piora 15 225 15
LN 273 145 288 196
LN 278 145 303 191
LN 283 145 323 186
LN 283 140 353 171
LN 283 135 348 171
LN 288 125 358 156
LN 283 125 343 176
LN 303 120 378 126
LN 293 120 368 136
LN 293 120 358 146
LN 273 130 263 196
LN 273 135 243 196
rozmiar_piora 10
kolor_wypelnienia 220 190 190
kolor_piora 220 190 190
LN 300 360 290 460
LN 290 460 250 460
LN 350 350 390 440
LN 390 440 350 440
linia 303 200 320 291
linia 303 220 374 256
linia 386 269 394 276
linia 394 276 414 236
linia 414 236 409 231
linia 303 220 270 285
LN 270 285 300 320
LN 300 320 315 310
ST
72 10
KW 255 255 255
KP 255 255 255
PR 0 0 700 600 1
KW 160 150 140
KP 160 150 140
PR 0 400 700 600 1
TG 280 180
kolor_wypelnienia 220 190 190
kolor_piora 220 190 190
elipsa 262 120 80 80 1
RP 10
kolor_piora 15 225 15
LN 272 145 287 196
LN 277 145 302 191
LN 282 145 322 186
LN 282 140 352 171
LN 282 135 347 171
LN 287 125 357 156
LN 282 125 342 176
LN 302 120 377 126
LN 292 120 367 136
LN 292 120 357 146
LN 272 130 262 196
LN 272 135 242 196
rozmiar_piora 10
kolor_wypelnienia 220 190 190
kolor_piora 220 190 190
LN 300 360 290 460
LN 290 460 250 460
LN 350 350 390 440
LN 390 440 350 440
linia 302 200 320 291
linia 302 220 374 256
linia 386 269 394 276
linia 394 276 414 236
linia 414 236 409 231
linia 302 220 270 285
LN 270 285 300 320
LN 300 320 315 320
ST
73 10
KW 255 255 255
KP 255 255 255
PR 0 0 700 600 1
KW 160 150 140
KP 160 150 140
PR 0 400 700 600 1
TG 280 180
kolor_wypelnienia 220 190 190
kolor_piora 220 190 190
elipsa 262 120 80 80 1
RP 10
kolor_piora 15 225 15
LN 272 145 287 196
LN 277 145 302 191
LN 282 145 322 186
LN 282 140 352 171
LN 282 135 347 171
LN 287 125 357 156
LN 282 125 342 176
LN 302 120 377 126
LN 292 120 367 136
LN 292 120 357 146
LN 272 130 262 196
LN 272 135 242 196
rozmiar_piora 10
kolor_wypelnienia 220 190 190
kolor_piora 220 190 190
LN 300 360 290 460
LN 290 460 250 460
LN 350 350 390 440
LN 390 440 350 440
linia 302 200 320 291
linia 302 220 374 256
linia 386 269 394 276
linia 394 276 414 236
linia 414 236 409 231
linia 302 220 270 285
LN 270 285 300 320
LN 300 320 315 322
ST
74 10
KW 255 255 255
KP 255 255 255
PR 0 0 700 600 1
KW 160 150 140
KP 160 150 140
PR 0 400 700 600 1
TG 280 180
kolor_wypelnienia 220 190 190
kolor_piora 220 190 190
elipsa 262 120 80 80 1
RP 10
kolor_piora 15 225 15
LN 272 145 287 196
LN 277 145 302 191
LN 282 145 322 186
LN 282 140 352 171
LN 282 135 347 171
LN 287 125 357 156
LN 282 125 342 176
LN 302 120 377 126
LN 292 120 367 136
LN 292 120 357 146
LN 272 130 262 196
LN 272 135 242 196
rozmiar_piora 10
kolor_wypelnienia 220 190 190
kolor_piora 220 190 190
LN 300 360 290 460
LN 290 460 250 460
LN 350 350 390 440
LN 390 440 350 440
linia 302 200 320 291
linia 302 220 374 256
linia 386 269 394 276
linia 394 276 414 236
linia 414 236 409 231
linia 302 220 270 285
LN 270 285 300 320
LN 300 320 315 324
ST
75 10
KW 255 255 255
KP 255 255 255
PR 0 0 700 600 1
KW 160 150 140
KP 160 150 140
PR 0 400 700 600 1
TG 280 180
kolor_wypelnienia 220 190 190
kolor_piora 220 190 190
elipsa 262 120 80 80 1
RP 10
kolor_piora 15 225 15
LN 272 145 287 195
LN 277 145 302 190
LN 282 145 322 185
LN 282 140 352 170
LN 282 135 347 170
LN 287 125 357 155
LN 282 125 342 175
LN 302 120 377 125
LN 292 120 367 135
LN 292 120 357 145
LN 272 130 262 195
LN 272 135 242 195
rozmiar_piora 10
kolor_wypelnienia 220 190 190
kolor_piora 220 190 190
LN 300 360 290 460
LN 290 460 250 460
LN 350 350 390 440
LN 390 440 350 440
linia 302 200 320 291
linia 302 220 375 255
linia 387 268 395 275
linia 395 275 415 235
linia 415 235 410 230
linia 302 220 270 285
LN 270 285 300 320
LN 300 320 315 326
ST
76 10
KW 255 255 255
KP 255 255 255
PR 0 0 700 600 1
KW 160 150 140
KP 160 150 140
PR 0 400 700 600 1
TG 280 180
kolor_wypelnienia 220 190 190
kolor_piora 220 190 190
elipsa 261 120 80 80 1
RP 10
kolor_piora 15 225 15
LN 271 145 286 195
LN 276 145 301 190
LN 281 145 321 185
LN 281 140 351 170
LN 281 135 346 170
LN 286 125 356 155
LN 281 125 341 175
LN 301 120 376 125
LN 291 120 366 135
LN 291 120 356 145
LN 271 130 261 195
LN 271 135 241 195
rozmiar_piora 10
kolor_wypelnienia 220 190 190
kolor_piora 220 190 190
LN 300 360 290 460
LN 290 460 250 460
LN 350 350 390 440
LN 390 440 350 440
linia 301 200 320 291
linia 301 220 375 255
linia 387 268 395 275
linia 395 275 415 235
linia 415 235 410 230
linia 301 220 270 285
LN 270 285 300 320
LN 300 320 315 328
ST
77 10
KW 255 255 255
KP 255 255 255
PR 0 0 700 600 1
KW 160 150 140
KP 160 150 140
PR 0 400 700 600 1
TG 280 180
kolor_wypelnienia 220 190 190
kolor_piora 220 190 190
elipsa 261 120 80 80 1
RP 10
kolor_piora 15 225 15
LN 271 145 286 195
LN 276 145 301 190
LN 281 145 321 185
LN 281 140 351 170
LN 281 135 346 170
LN 286 125 356 155
LN 281 125 341 175
LN 301 120 376 125
LN 291 120 366 135
LN 291 120 356 145
LN 271 130 261 195
LN 271 135 241 195
rozmiar_piora 10
kolor_wypelnienia 220 190 190
kolor_piora 220 190 190
LN 300 360 290 460
LN 290 460 250 460
LN 350 350 390 440
LN 390 440 350 440
linia 301 200 320 291
linia 301 220 375 255
linia 387 268 395 275
linia 395 275 415 235
linia 415 235 410 230
linia 301 220 270 285
LN 270 285 300 320
LN 300 320 315 330
ST
78 10
KW 255 255 255
KP 255 255 255
PR 0 0 700 600 1
KW 160 150 140
KP 160 150 140
PR 0 400 700 600 1
TG 280 180
kolor_wypelnienia 220 190 190
kolor_piora 220 190 190
elipsa 261 120 80 80 1
RP 10
kolor_piora 15 225 15
LN 271 145 286 195
LN 276 145 301 190
LN 281 145 321 185
LN 281 140 351 170
LN 281 135 346 170
LN 286 125 356 155
LN 281 125 341 175
LN 301 120 376 125
LN 291 120 366 135
LN 291 120 356 145
LN 271 130 261 195
LN 271 135 241 195
rozmiar_piora 10
kolor_wypelnienia 220 190 190
kolor_piora 220 190 190
LN 300 360 290 460
LN 290 460 250 460
LN 350 350 390 440
LN 390 440 350 440
linia 301 200 320 291
linia 301 220 375 255
linia 387 268 395 275
linia 395 275 415 235
linia 415 235 410 230
linia 301 220 270 285
LN 270 285 300 320
LN 300 320 315 320
ST
79 10
KW 255 255 255
KP 255 255 255
PR 0 0 700 600 1
KW 160 150 140
KP 160 150 140
PR 0 400 700 600 1
TG 280 180
kolor_wypelnienia 220 190 190
kolor_piora 220 190 190
elipsa 261 120 80 80 1
RP 10
kolor_piora 15 225 15
LN 271 145 286 195
LN 276 145 301 190
LN 281 145 321 185
LN 281 140 351 170
LN 281 135 346 170
LN 286 125 356 155
LN 281 125 341 175
LN 301 120 376 125
LN 291 120 366 135
LN 291 120 356 145
LN 271 130 261 195
LN 271 135 241 195
rozmiar_piora 10
kolor_wypelnienia 220 190 190
kolor_piora 220 190 190
LN 300 360 290 460
LN 290 460 250 460
LN 350 350 390 440
LN 390 440 350 440
linia 301 200 320 291
linia 301 220 375 255
linia 387 268 395 275
linia 395 275 415 235
linia 415 235 410 230
linia 301 220 270 285
LN 270 285 300 320
LN 300 320 315 318
ST
80 10
KW 255 255 255
KP 255 255 255
PR 0 0 700 600 1
KW 160 150 140
KP 160 150 140
PR 0 400 700 600 1
TG 280 180
kolor_wypelnienia 220 190 190
kolor_piora 220 190 190
elipsa 260 120 80 80 1
RP 10
kolor_piora 15 225 15
LN 270 145 285 194
LN 275 145 300 189
LN 280 145 320 184
LN 280 140 350 169
LN 280 135 345 169
LN 285 125 355 154
LN 280 125 340 174
LN 300 120 375 124
LN 290 120 365 134
LN 290 120 355 144
LN 270 130 260 194
LN 270 135 240 194
rozmiar_piora 10
kolor_wypelnienia 220 190 190
kolor_piora 220 190 190
LN 300 360 290 460
LN 290 460 250 460
LN 350 350 390 440
LN 390 440 350 440
linia 300 200 320 291
linia 300 220 376 254
linia 388 267 396 274
linia 396 274 416 234
linia 416 234 411 229
linia 300 220 270 285
LN 270 285 300 320
LN 300 320 315 316
ST
81 10
KW 255 255 255
KP 255 255 255
PR 0 0 700 600 1
KW 160 150 140
KP 160 150 140
PR 0 400 700 600 1
TG 280 180
kolor_wypelnienia 220 190 190
kolor_piora 220 190 190
elipsa 260 120 80 80 1
RP 10
kolor_piora 15 225 15
LN 270 145 285 194
LN 275 145 300 189
LN 280 145 320 184
LN 280 140 350 169
LN 280 135 345 169
LN 285 125 355 154
LN 280 125 340 174
LN 300 120 375 124
LN 290 120 365 134
LN 290 120 355 144
LN 270 130 260 194
LN 270 135 240 194
rozmiar_piora 10
kolor_wypelnienia 220 190 190
kolor_piora 220 190 190
LN 300 360 290 460
LN 290 460 250 460
LN 350 350 390 440
LN 390 440 350 440
linia 300 200 320 291
linia 300 220 376 254
linia 388 267 396 274
linia 396 274 416 234
linia 416 234 411 229
linia 300 220 270 285
LN 270 285 300 320
LN 300 320 315 314
ST
82 10
KW 255 255 255
KP 255 255 255
PR 0 0 700 600 1
KW 160 150 140
KP 160 150 140
PR 0 400 700 600 1
TG 280 180
kolor_wypelnienia 220 190 190
kolor_piora 220 190 190
elipsa 260 120 80 80 1
RP 10
kolor_piora 15 225 15
LN 270 145 285 194
LN 275 145 300 189
LN 280 145 320 184
LN 280 140 350 169
LN 280 135 345 169
LN 285 125 355 154
LN 280 125 340 174
LN 300 120 375 124
LN 290 120 365 134
LN 290 120 355 144
LN 270 130 260 194
LN 270 135 240 194
rozmiar_piora 10
kolor_wypelnienia 220 190 190
kolor_piora 220 190 190
LN 300 360 290 460
LN 290 460 250 460
LN 350 350 390 440
LN 390 440 350 440
linia 300 200 320 291
linia 300 220 376 254
linia 388 267 396 274
linia 396 274 416 234
linia 416 234 411 229
linia 300 220 270 285
LN 270 285 300 320
LN 300 320 315 312
ST
83 10
KW 255 255 255
KP 255 255 255
PR 0 0 700 600 1
KW 160 150 140
KP 160 150 140
PR 0 400 700 600 1
TG 280 180
kolor_wypelnienia 220 190 190
kolor_piora 220 190 190
elipsa 260 120 80 80 1
RP 10
kolor_piora 15 225 15
LN 270 145 285 194
LN 275 145 300 189
LN 280 145 320 184
LN 280 140 350 169
LN 280 135 345 169
LN 285 125 355 154
LN 280 125 340 174
LN 300 120 375 124
LN 290 120 365 134
LN 290 120 355 144
LN 270 130 260 194
LN 270 135 240 194
rozmiar_piora 10
kolor_wypelnienia 220 190 190
kolor_piora 220 190 190
LN 300 360 290 460
LN 290 460 250 460
LN 350 350 390 440
LN 390 440 350 440
linia 300 200 320 291
linia 300 220 376 254
linia 388 267 396 274
linia 396 274 416 234
linia 416 234 411 229
linia 300 220 270 285
LN 270 285 300 320
LN 300 320 315 310
ST
84 10
KW 255 255 255
KP 255 255 255
PR 0 0 700 600 1
KW 160 150 140
KP 160 150 140
PR 0 400 700 600 1
TG 280 180
kolor_wypelnienia 220 190 190
kolor_piora 220 190 190
elipsa 259 120 80 80 1
RP 10
kolor_piora 15 225 15
LN 269 145 284 194
LN 274 145 299 189
LN 279 145 319 184
LN 279 140 349 169
LN 279 135 344 169
LN 284 125 354 154
LN 279 125 339 174
LN 299 120 374 124
LN 289 120 364 134
LN 289 120 354 144
LN 269 130 259 194
LN 269 135 239 194
rozmiar_piora 10
kolor_wypelnienia 220 190 190
kolor_piora 220 190 190
LN 300 360 290 460
LN 290 460 250 460
LN 350 350 390 440
LN 390 440 350 440
linia 299 200 320 291
linia 299 220 376 254
linia 388 267 396 274
linia 396 274 416 234
linia 416 234 411 229
linia 299 220 270 285
LN 270 285 300 320
LN 300 320 315 320
ST
85 10
KW 255 255 255
KP 255 255 255
PR 0 0 700 600 1
KW 160 150 140
KP 160 150 140
PR 0 400 700 600 1
TG 280 180
kolor_wypelnienia 220 190 190
kolor_piora 220 190 190
elipsa 259 120 80 80 1
RP 10
kolor_piora 15 225 15
LN 269 145 284 193
LN 274 145 299 188
LN 279 145 319 183
LN 279 140 349 168
LN 279 135 344 168
LN 284 125 354 153
LN 279 125 339 173
LN 299 120 374 123
LN 289 120 364 133
LN 289 120 354 143
LN 269 130 259 193
LN 269 135 239 193
rozmiar_piora 10
kolor_wypelnienia 220 190 190
kolor_piora 220 190 190
LN 300 360 290 460
LN 290 460 250 460
LN 350 350 390 440
LN 390 440 350 440
linia 299 200 320 291
linia 299 220 377 253
linia 389 266 397 273
linia 397 273 417 233
linia 417 233 412 228
linia 299 220 270 285
LN 270 285 300 320
LN 300 320 315 322
ST
86 10
KW 255 255 255
KP 255 255 255
PR 0 0 700 600 1
KW 160 150 140
KP 160 150 140
PR 0 400 700 600 1
TG 280 180
kolor_wypelnienia 220 190 190
kolor_piora 220 190 190
elipsa 259 120 80 80 1
RP 10
kolor_piora 15 225 15
LN 269 145 284 193
LN 274 145 299 188
LN 279 145 319 183
LN 279 140 349 168
LN 279 135 344 168
LN 284 125 354 153
LN 279 125 339 173
LN 299 120 374 123
LN 289 120 364 133
LN 289 120 354 143
LN 269 130 259 193
LN 269 135 239 193
rozmiar_piora 10
kolor_wypelnienia 220 190 190
kolor_piora 220 190 190
LN 300 360 290 460
LN 290 460 250 460
LN 350 350 390 440
LN 390 440 350 440
linia 299 200 320 291
linia 299 220 377 253
linia 389 266 397 273
linia 397 273 417 233
linia 417 233 412 228
linia 299 220 270 285
LN 270 285 300 320
LN 300 320 315 324
ST
87 10
KW 255 255 255
KP 255 255 255
PR 0 0 700 600 1
KW 160 150 140
KP 160 150 140
PR 0 400 700 600 1
TG 280 180
kolor_wypelnienia 220 190 190
kolor_piora 220 190 190
elipsa 259 120 80 80 1
RP 10
kolor_piora 15 225 15
LN 269 145 284 193
LN 274 145 299 188
LN 279 145 319 183
LN 279 140 349 168
LN 279 135 344 168
LN 284 125 354 153
LN 279 125 339 173
LN 299 120 374 123
LN 289 120 364 133
LN 289 120 354 143
LN 269 130 259 193
LN 269 135 239 193
rozmiar_piora 10
kolor_wypelnienia 220 190 190
kolor_piora 220 190 190
LN 300 360 290 460
LN 290 460 250 460
LN 350 350 390 440
LN 390 440 350 440
linia 299 200 320 291
linia 299 220 377 253
linia 389 266 397 273
linia 397 273 417 233
linia 417 233 412 228
linia 299 220 270 285
LN 270 285 300 320
LN 300 320 315 326
ST
88 10
KW 255 255 255
KP 255 255 255
PR 0 0 700 600 1
KW 160 150 140
KP 160 150 140
PR 0 400 700 600 1
TG 280 180
kolor_wypelnienia 220 190 190
kolor_piora 220 190 190
elipsa 258 120 80 80 1
RP 10
kolor_piora 15 225 15
LN 268 145 283 193
LN 273 145 298 188
LN 278 145 318 183
LN 278 140 348 168
LN 278 135 343 168
LN 283 125 353 153
LN 278 125 338 173
LN 298 120 373 123
LN 288 120 363 133
LN 288 120 353 143
LN 268 130 258 193
LN 268 135 238 193
rozmiar_piora 10
kolor_wypelnienia 220 190 190
kolor_piora 220 190 190
LN 300 360 290 460
LN 290 460 250 460
LN 350 350 390 440
LN 390 440 350 440
linia 298 200 320 291
linia 298 220 377 253
linia 389 266 397 273
linia 397 273 417 233
linia 417 233 412 228
linia 298 220 270 285
LN 270 285 300 320
LN 300 320 315 328
ST
89 10
KW 255 255 255
KP 255 255 255
PR 0 0 700 600 1
KW 160 150 140
KP 160 150 140
PR 0 400 700 600 1
TG 280 180
kolor_wypelnienia 220 190 190
kolor_piora 220 190 190
elipsa 258 120 80 80 1
RP 10
kolor_piora 15 225 15
LN 268 145 283 193
LN 273 145 298 188
LN 278 145 318 183
LN 278 140 348 168
LN 278 135 343 168
LN 283 125 353 153
LN 278 125 338 173
LN 298 120 373 123
LN 288 120 363 133
LN 288 120 353 143
LN 268 130 258 193
LN 268 135 238 193
rozmiar_piora 10
kolor_wypelnienia 220 190 190
kolor_piora 220 190 190
LN 300 360 290 460
LN 290 460 250 460
LN 350 350 390 440
LN 390 440 350 440
linia 298 200 320 291
linia 298 220 377 253
linia 389 266 397 273
linia 397 273 417 233
linia 417 233 412 228
linia 298 220 270 285
LN 270 285 300 320
LN 300 320 315 330
ST
90 10
KW 255 255 255
KP 255 255 255
PR 0 0 700 600 1
KW 160 150 140
KP 160 150 140
PR 0 400 700 600 1
TG 280 180
kolor_wypelnienia 220 190 190
kolor_piora 220 190 190
elipsa 258 120 80 80 1
RP 10
kolor_piora 15 225 15
LN 268 145 283 192
LN 273 145 298 187
LN 278 145 318 182
LN 278 140 348 167
LN 278 135 343 167
LN 283 125 353 152
LN 278 125 338 172
LN 298 120 373 122
LN 288 120 363 132
LN 288 120 353 142
LN 268 130 258 192
LN 268 135 238 192
rozmiar_piora 10
kolor_wypelnienia 220 190 190
kolor_piora 220 190 190
LN 300 360 290 460
LN 290 460 250 460
LN 350 350 390 440
LN 390 440 350 440
linia 298 200 320 291
linia 298 220 378 252
linia 390 265 398 272
linia 398 272 418 232
linia 418 232 413 227
linia 298 220 270 285
LN 270 285 300 320
LN 300 320 315 320
ST
91 10
KW 255 255 255
KP 255 255 255
PR 0 0 700 600 1
KW 160 150 140
KP 160 150 140
PR 0 400 700 600 1
TG 280 180
kolor_wypelnienia 220 190 190
kolor_piora 220 190 190
elipsa 258 120 80 80 1
RP 10
kolor_piora 15 225 15
LN 268 145 283 192
LN 273 145 298 187
LN 278 145 318 182
LN 278 140 348 167
LN 278 135 343 167
LN 283 125 353 152
LN 278 125 338 172
LN 298 120 373 122
LN 288 120 363 132
LN 288 120 353 142
LN 268 130 258 192
LN 268 135 238 192
rozmiar_piora 10
kolor_wypelnienia 220 190 190
kolor_piora 220 190 190
LN 300 360 290 460
LN 290 460 250 460
LN 350 350 390 440
LN 390 440 350 440
linia 298 200 320 291
linia 298 220 378 252
linia 390 265 398 272
linia 398 272 418 232
linia 418 232 413 227
linia 298 220 270 285
LN 270 285 300 320
LN 300 320 315 318
ST
92 10
KW 255 255 255
KP 255 255 255
PR 0 0 700 600 1
KW 160 150 140
KP 160 150 140
PR 0 400 700 600 1
TG 280 180
kolor_wypelnienia 220 190 190
kolor_piora 220 190 190
elipsa 257 120 80 80 1
RP 10
kolor_piora 15 225 15
LN 267 145 282 192
LN 272 145 297 187
LN 277 145 317 182
LN 277 140 347 167
LN 277 135 342 167
LN 282 125 352 152
LN 277 125 337 172
LN 297 120 372 122
LN 287 120 362 132
LN 287 120 352 142
LN 267 130 257 192
LN 267 135 237 192
rozmiar_piora 10
kolor_wypelnienia 220 190 190
kolor_piora 220 190 190
LN 300 360 290 460
LN 290 460 250 460
LN 350 350 390 440
LN 390 440 350 440
linia 297 200 320 291
linia 297 220 378 252
linia 390 265 398 272
linia 398 272 418 232
linia 418 232 413 227
linia 297 220 270 285
LN 270 285 300 320
LN 300 320 315 316
ST
93 10
KW 255 255 255
KP 255 255 255
PR 0 0 700 600 1
KW 160 150 140
KP 160 150 140
PR 0 400 700 600 1
TG 280 180
kolor_wypelnienia 220 190 190
kolor_piora 220 190 190
elipsa 257 120 80 80 1
RP 10
kolor_piora 15 225 15
LN 267 145 282 192
LN 272 145 297 187
LN 277 145 317 182
LN 277 140 347 167
LN 277 135 342 167
LN 282 125 352 152
LN 277 125 337 172
LN 297 120 372 122
LN 287 120 362 132
LN 287 120 352 142
LN 267 130 257 192
LN 267 135 237 192
rozmiar_piora 10
kolor_wypelnienia 220 190 190
kolor_piora 220 190 190
LN 300 360 290 460
LN 290 460 250 460
LN 350 350 390 440
LN 390 440 350 440
linia 297 200 320 291
linia 297 220 378 252
linia 390 265 398 272
linia 398 272 418 232
linia 418 232 413 227
linia 297 220 270 285
LN 270 285 300 320
LN 300 320 315 314
ST
94 10
KW 255 255 255
KP 255 255 255
PR 0 0 700 600 1
KW 160 150 140
KP 160 150 140
PR 0 400 700 600 1
TG 280 180
kolor_wypelnienia 220 190 190
kolor_piora 220 190 190
elipsa 257 120 80 80 1
RP 10
kolor_piora 15 225 15
LN 267 145 282 192
LN 272 145 297 187
LN 277 145 317 182
LN 277 140 347 167
LN 277 135 342 167
LN 282 125 352 152
LN 277 125 337 172
LN 297 120 372 122
LN 287 120 362 132
LN 287 120 352 142
LN 267 130 257 192
LN 267 135 237 192
rozmiar_piora 10
kolor_wypelnienia 220 190 190
kolor_piora 220 190 190
LN 300 360 290 460
LN 290 460 250 460
LN 350 350 390 440
LN 390 440 350 440
linia 297 200 320 291
linia 297 220 378 252
linia 390 265 398 272
linia 398 272 418 232
linia 418 232 413 227
linia 297 220 270 285
LN 270 285 300 320
LN 300 320 315 312
ST
95 10
KW 255 255 255
KP 255 255 255
PR 0 0 700 600 1
KW 160 150 140
KP 160 150 140
PR 0 400 700 600 1
TG 280 180
kolor_wypelnienia 220 190 190
kolor_piora 220 190 190
elipsa 257 120 80 80 1
RP 10
kolor_piora 15 225 15
LN 267 145 282 191
LN 272 145 297 186
LN 277 145 317 181
LN 277 140 347 166
LN 277 135 342 166
LN 282 125 352 151
LN 277 125 337 171
LN 297 120 372 121
LN 287 120 362 131
LN 287 120 352 141
LN 267 130 257 191
LN 267 135 237 191
rozmiar_piora 10
kolor_wypelnienia 220 190 190
kolor_piora 220 190 190
LN 300 360 290 460
LN 290 460 250 460
LN 350 350 390 440
LN 390 440 350 440
linia 297 200 320 291
linia 297 220 379 251
linia 391 264 399 271
linia 399 271 419 231
linia 419 231 414 226
linia 297 220 270 285
LN 270 285 300 320
LN 300 320 315 310
ST
96 10
KW 255 255 255
KP 255 255 255
PR 0 0 700 600 1
KW 160 150 140
KP 160 150 140
PR 0 400 700 600 1
TG 280 180
kolor_wypelnienia 220 190 190
kolor_piora 220 190 190
elipsa 256 120 80 80 1
RP 10
kolor_piora 15 225 15
LN 266 145 281 191
LN 271 145 296 186
LN 276 145 316 181
LN 276 140 346 166
LN 276 135 341 166
LN 281 125 351 151
LN 276 125 336 171
LN 296 120 371 121
LN 286 120 361 131
LN 286 120 351 141
LN 266 130 256 191
LN 266 135 236 191
rozmiar_piora 10
kolor_wypelnienia 220 190 190
kolor_piora 220 190 190
LN 300 360 290 460
LN 290 460 250 460
LN 350 350 390 440
LN 390 440 350 440
linia 296 200 320 291
linia 296 220 379 251
linia 391 264 399 271
linia 399 271 419 231
linia 419 231 414 226
linia 296 220 270 285
LN 270 285 300 320
LN 300 320 315 320
ST
97 10
KW 255 255 255
KP 255 255 255
PR 0 0 700 600 1
KW 160 150 140
KP 160 150 140
PR 0 400 700 600 1
TG 280 180
kolor_wypelnienia 220 190 190
kolor_piora 220 190 190
elipsa 256 120 80 80 1
RP 10
kolor_piora 15 225 15
LN 266 145 281 191
LN 271 145 296 186
LN 276 145 316 181
LN 276 140 346 166
LN 276 135 341 166
LN 281 125 351 151
LN 276 125 336 171
LN 296 120 371 121
LN 286 120 361 131
LN 286 120 351 141
LN 266 130 256 191
LN 266 135 236 191
rozmiar_piora 10
kolor_wypelnienia 220 190 190
kolor_piora 220 190 190
LN 300 360 290 460
LN 290 460 250 460
LN 350 350 390 440
LN 390 440 350 440
linia 296 200 320 291
linia 296 220 379 251
linia 391 264 399 271
linia 399 271 419 231
linia 419 231 414 226
linia 296 220 270 285
LN 270 285 300 320
LN 300 320 315 322
ST
98 10
KW 255 255 255
KP 255 255 255
PR 0 0 700 600 1
KW 160 150 140
KP 160 150 140
PR 0 400 700 600 1
TG 280 180
kolor_wypelnienia 220 190 190
kolor_piora 220 190 190
elipsa 256 120 80 80 1
RP 10
kolor_piora 15 225 15
LN 266 145 281 191
LN 271 145 296 186
LN 276 145 316 181
LN 276 140 346 166
LN 276 135 341 166
LN 281 125 351 151
LN 276 125 336 171
LN 296 120 371 121
LN 286 120 361 131
LN 286 120 351 141
LN 266 130 256 191
LN 266 135 236 191
rozmiar_piora 10
kolor_wypelnienia 220 190 190
kolor_piora 220 190 190
LN 300 360 290 460
LN 290 460 250 460
LN 350 350 390 440
LN 390 440 350 440
linia 296 200 320 291
linia 296 220 379 251
linia 391 264 399 271
linia 399 271 419 231
linia 419 231 414 226
linia 296 220 270 285
LN 270 285 300 320
LN 300 320 315 324
ST
99 10
KW 255 255 255
KP 255 255 255
PR 0 0 700 600 1
KW 160 150 140
KP 160 150 140
PR 0 400 700 600 1
TG 280 180
kolor_wypelnienia 220 190 190
kolor_piora 220 190 190
elipsa 256 120 80 80 1
RP 10
kolor_piora 15 225 15
LN 266 145 281 191
LN 271 145 296 186
LN 276 145 316 181
LN 276 140 346 166
LN 276 135 341 166
LN 281 125 351 151
LN 276 125 336 171
LN 296 120 371 121
LN 286 120 361 131
LN 286 120 351 141
LN 266 130 256 191
LN 266 135 236 191
rozmiar_piora 10
kolor_wypelnienia 220 190 190
kolor_piora 220 190 190
LN 300 360 290 460
LN 290 460 250 460
LN 350 350 390 440
LN 390 440 350 440
linia 296 200 320 291
linia 296 220 379 251
linia 391 264 399 271
linia 399 271 419 231
linia 419 231 414 226
linia 296 220 270 285
LN 270 285 300 320
LN 300 320 315 326
ST
KONIEC
