700 600
0 15
KW 176 196 222
KP 176 196 222
prostokat 0 0 700 600 1
KW 255 215 0
KP 255 215 0
EL 500 100 190 190 1
TG 0 400
KW 245 245 245
KP 245 245 245
EL 0 100 80 80 1
EL 50 100 150 100 1
EL 170 90 50 50 1
EL 700 250 90 90 1
EL 750 250 150 120 1
EL 878 280 70 70 1
KW 105 105 105
KP 105 105 105
ST
1 15
KW 176 196 222
KP 176 196 222
prostokat 0 0 700 600 1
KW 255 215 0
KP 255 215 0
EL 500 100 190 190 1
TG 4 400
KW 245 245 245
KP 245 245 245
EL 6 100 80 80 1
EL 56 100 150 100 1
EL 176 90 50 50 1
EL 696 250 90 90 1
EL 746 250 150 120 1
EL 874 280 70 70 1
KW 105 105 105
KP 105 105 105
ST
2 15
KW 176 196 222
KP 176 196 222
prostokat 0 0 700 600 1
KW 255 215 0
KP 255 215 0
EL 500 100 190 190 1
TG 8 400
KW 245 245 245
KP 245 245 245
EL 12 100 80 80 1
EL 62 100 150 100 1
EL 182 90 50 50 1
EL 692 250 90 90 1
EL 742 250 150 120 1
EL 870 280 70 70 1
KW 105 105 105
KP 105 105 105
ST
3 15
KW 176 196 222
KP 176 196 222
prostokat 0 0 700 600 1
KW 255 215 0
KP 255 215 0
EL 500 100 190 190 1
TG 12 400
KW 245 245 245
KP 245 245 245
EL 18 100 80 80 1
EL 68 100 150 100 1
EL 188 90 50 50 1
EL 688 250 90 90 1
EL 738 250 150 120 1
EL 866 280 70 70 1
KW 105 105 105
KP 105 105 105
ST
4 15
KW 176 196 222
KP 176 196 222
prostokat 0 0 700 600 1
KW 255 215 0
KP 255 215 0
EL 500 100 190 190 1
TG 16 400
KW 245 245 245
KP 245 245 245
EL 24 100 80 80 1
EL 74 100 150 100 1
EL 194 90 50 50 1
EL 684 250 90 90 1
EL 734 250 150 120 1
EL 862 280 70 70 1
KW 105 105 105
KP 105 105 105
ST
5 15
KW 176 196 222
KP 176 196 222
prostokat 0 0 700 600 1
KW 255 215 0
KP 255 215 0
EL 500 100 190 190 1
TG 20 400
KW 245 245 245
KP 245 245 245
EL 30 100 80 80 1
EL 80 100 150 100 1
EL 200 90 50 50 1
EL 680 250 90 90 1
EL 730 250 150 120 1
EL 858 280 70 70 1
KW 105 105 105
KP 105 105 105
ST
6 15
KW 176 196 222
KP 176 196 222
prostokat 0 0 700 600 1
KW 255 215 0
KP 255 215 0
EL 500 100 190 190 1
TG 24 400
KW 245 245 245
KP 245 245 245
EL 36 100 80 80 1
EL 86 100 150 100 1
EL 206 90 50 50 1
EL 676 250 90 90 1
EL 726 250 150 120 1
EL 854 280 70 70 1
KW 105 105 105
KP 105 105 105
ST
7 15
KW 176 196 222
KP 176 196 222
prostokat 0 0 700 600 1
KW 255 215 0
KP 255 215 0
EL 500 100 190 190 1
TG 28 400
KW 245 245 245
KP 245 245 245
EL 42 100 80 80 1
EL 92 100 150 100 1
EL 212 90 50 50 1
EL 672 250 90 90 1
EL 722 250 150 120 1
EL 850 280 70 70 1
KW 105 105 105
KP 105 105 105
ST
8 15
KW 176 196 222
KP 176 196 222
prostokat 0 0 700 600 1
KW 255 215 0
KP 255 215 0
EL 500 100 190 190 1
TG 32 400
KW 245 245 245
KP 245 245 245
EL 48 100 80 80 1
EL 98 100 150 100 1
EL 218 90 50 50 1
EL 668 250 90 90 1
EL 718 250 150 120 1
EL 846 280 70 70 1
KW 105 105 105
KP 105 105 105
ST
9 15
KW 176 196 222
KP 176 196 222
prostokat 0 0 700 600 1
KW 255 215 0
KP 255 215 0
EL 500 100 190 190 1
TG 36 400
KW 245 245 245
KP 245 245 245
EL 54 100 80 80 1
EL 104 100 150 100 1
EL 224 90 50 50 1
EL 664 250 90 90 1
EL 714 250 150 120 1
EL 842 280 70 70 1
KW 105 105 105
KP 105 105 105
ST
10 15
KW 176 196 222
KP 176 196 222
prostokat 0 0 700 600 1
KW 255 215 0
KP 255 215 0
EL 500 100 190 190 1
TG 40 400
KW 245 245 245
KP 245 245 245
EL 60 100 80 80 1
EL 110 100 150 100 1
EL 230 90 50 50 1
EL 660 250 90 90 1
EL 710 250 150 120 1
EL 838 280 70 70 1
KW 105 105 105
KP 105 105 105
ST
11 15
KW 176 196 222
KP 176 196 222
prostokat 0 0 700 600 1
KW 255 215 0
KP 255 215 0
EL 500 100 190 190 1
TG 44 400
KW 245 245 245
KP 245 245 245
EL 66 100 80 80 1
EL 116 100 150 100 1
EL 236 90 50 50 1
EL 656 250 90 90 1
EL 706 250 150 120 1
EL 834 280 70 70 1
KW 105 105 105
KP 105 105 105
ST
12 15
KW 176 196 222
KP 176 196 222
prostokat 0 0 700 600 1
KW 255 215 0
KP 255 215 0
EL 500 100 190 190 1
TG 48 400
KW 245 245 245
KP 245 245 245
EL 72 100 80 80 1
EL 122 100 150 100 1
EL 242 90 50 50 1
EL 652 250 90 90 1
EL 702 250 150 120 1
EL 830 280 70 70 1
KW 105 105 105
KP 105 105 105
ST
13 15
KW 176 196 222
KP 176 196 222
prostokat 0 0 700 600 1
KW 255 215 0
KP 255 215 0
EL 500 100 190 190 1
TG 52 400
KW 245 245 245
KP 245 245 245
EL 78 100 80 80 1
EL 128 100 150 100 1
EL 248 90 50 50 1
EL 648 250 90 90 1
EL 698 250 150 120 1
EL 826 280 70 70 1
KW 105 105 105
KP 105 105 105
ST
14 15
KW 176 196 222
KP 176 196 222
prostokat 0 0 700 600 1
KW 255 215 0
KP 255 215 0
EL 500 100 190 190 1
TG 56 400
KW 245 245 245
KP 245 245 245
EL 84 100 80 80 1
EL 134 100 150 100 1
EL 254 90 50 50 1
EL 644 250 90 90 1
EL 694 250 150 120 1
EL 822 280 70 70 1
KW 105 105 105
KP 105 105 105
ST
15 15
KW 176 196 222
KP 176 196 222
prostokat 0 0 700 600 1
KW 255 215 0
KP 255 215 0
EL 500 100 190 190 1
TG 60 400
KW 245 245 245
KP 245 245 245
EL 90 100 80 80 1
EL 140 100 150 100 1
EL 260 90 50 50 1
EL 640 250 90 90 1
EL 690 250 150 120 1
EL 818 280 70 70 1
KW 105 105 105
KP 105 105 105
ST
16 15
KW 176 196 222
KP 176 196 222
prostokat 0 0 700 600 1
KW 255 215 0
KP 255 215 0
EL 500 100 190 190 1
TG 64 400
KW 245 245 245
KP 245 245 245
EL 96 100 80 80 1
EL 146 100 150 100 1
EL 266 90 50 50 1
EL 636 250 90 90 1
EL 686 250 150 120 1
EL 814 280 70 70 1
KW 105 105 105
KP 105 105 105
ST
17 15
KW 176 196 222
KP 176 196 222
prostokat 0 0 700 600 1
KW 255 215 0
KP 255 215 0
EL 500 100 190 190 1
TG 68 400
KW 245 245 245
KP 245 245 245
EL 102 100 80 80 1
EL 152 100 150 100 1
EL 272 90 50 50 1
EL 632 250 90 90 1
EL 682 250 150 120 1
EL 810 280 70 70 1
KW 105 105 105
KP 105 105 105
ST
18 15
KW 176 196 222
KP 176 196 222
prostokat 0 0 700 600 1
KW 255 215 0
KP 255 215 0
EL 500 100 190 190 1
TG 72 400
KW 245 245 245
KP 245 245 245
EL 108 100 80 80 1
EL 158 100 150 100 1
EL 278 90 50 50 1
EL 628 250 90 90 1
EL 678 250 150 120 1
EL 806 280 70 70 1
KW 105 105 105
KP 105 105 105
ST
19 15
KW 176 196 222
KP 176 196 222
prostokat 0 0 700 600 1
KW 255 215 0
KP 255 215 0
EL 500 100 190 190 1
TG 76 400
KW 245 245 245
KP 245 245 245
EL 114 100 80 80 1
EL 164 100 150 100 1
EL 284 90 50 50 1
EL 624 250 90 90 1
EL 674 250 150 120 1
EL 802 280 70 70 1
KW 105 105 105
KP 105 105 105
ST
20 15
KW 176 196 222
KP 176 196 222
prostokat 0 0 700 600 1
KW 255 215 0
KP 255 215 0
EL 500 100 190 190 1
TG 80 400
KW 245 245 245
KP 245 245 245
EL 120 100 80 80 1
EL 170 100 150 100 1
EL 290 90 50 50 1
EL 620 250 90 90 1
EL 670 250 150 120 1
EL 798 280 70 70 1
KW 105 105 105
KP 105 105 105
ST
21 15
KW 176 196 222
KP 176 196 222
prostokat 0 0 700 600 1
KW 255 215 0
KP 255 215 0
EL 500 100 190 190 1
TG 84 400
KW 245 245 245
KP 245 245 245
EL 126 100 80 80 1
EL 176 100 150 100 1
EL 296 90 50 50 1
EL 616 250 90 90 1
EL 666 250 150 120 1
EL 794 280 70 70 1
KW 105 105 105
KP 105 105 105
ST
22 15
KW 176 196 222
KP 176 196 222
prostokat 0 0 700 600 1
KW 255 215 0
KP 255 215 0
EL 500 100 190 190 1
TG 88 400
KW 245 245 245
KP 245 245 245
EL 132 100 80 80 1
EL 182 100 150 100 1
EL 302 90 50 50 1
EL 612 250 90 90 1
EL 662 250 150 120 1
EL 790 280 70 70 1
KW 105 105 105
KP 105 105 105
ST
23 15
KW 176 196 222
KP 176 196 222
prostokat 0 0 700 600 1
KW 255 215 0
KP 255 215 0
EL 500 100 190 190 1
TG 92 400
KW 245 245 245
KP 245 245 245
EL 138 100 80 80 1
EL 188 100 150 100 1
EL 308 90 50 50 1
EL 608 250 90 90 1
EL 658 250 150 120 1
EL 786 280 70 70 1
KW 105 105 105
KP 105 105 105
ST
24 15
KW 176 196 222
KP 176 196 222
prostokat 0 0 700 600 1
KW 255 215 0
KP 255 215 0
EL 500 100 190 190 1
TG 96 400
KW 245 245 245
KP 245 245 245
EL 144 100 80 80 1
EL 194 100 150 100 1
EL 314 90 50 50 1
EL 604 250 90 90 1
EL 654 250 150 120 1
EL 782 280 70 70 1
KW 105 105 105
KP 105 105 105
ST
25 15
KW 176 196 222
KP 176 196 222
prostokat 0 0 700 600 1
KW 255 215 0
KP 255 215 0
EL 500 100 190 190 1
TG 100 400
KW 245 245 245
KP 245 245 245
EL 150 100 80 80 1
EL 200 100 150 100 1
EL 320 90 50 50 1
EL 600 250 90 90 1
EL 650 250 150 120 1
EL 778 280 70 70 1
KW 105 105 105
KP 105 105 105
ST
26 15
KW 176 196 222
KP 176 196 222
prostokat 0 0 700 600 1
KW 255 215 0
KP 255 215 0
EL 500 100 190 190 1
TG 104 400
KW 245 245 245
KP 245 245 245
EL 156 100 80 80 1
EL 206 100 150 100 1
EL 326 90 50 50 1
EL 596 250 90 90 1
EL 646 250 150 120 1
EL 774 280 70 70 1
KW 105 105 105
KP 105 105 105
ST
27 15
KW 176 196 222
KP 176 196 222
prostokat 0 0 700 600 1
KW 255 215 0
KP 255 215 0
EL 500 100 190 190 1
TG 108 400
KW 245 245 245
KP 245 245 245
EL 162 100 80 80 1
EL 212 100 150 100 1
EL 332 90 50 50 1
EL 592 250 90 90 1
EL 642 250 150 120 1
EL 770 280 70 70 1
KW 105 105 105
KP 105 105 105
ST
28 15
KW 176 196 222
KP 176 196 222
prostokat 0 0 700 600 1
KW 255 215 0
KP 255 215 0
EL 500 100 190 190 1
TG 112 400
KW 245 245 245
KP 245 245 245
EL 168 100 80 80 1
EL 218 100 150 100 1
EL 338 90 50 50 1
EL 588 250 90 90 1
EL 638 250 150 120 1
EL 766 280 70 70 1
KW 105 105 105
KP 105 105 105
ST
29 15
KW 176 196 222
KP 176 196 222
prostokat 0 0 700 600 1
KW 255 215 0
KP 255 215 0
EL 500 100 190 190 1
TG 116 400
KW 245 245 245
KP 245 245 245
EL 174 100 80 80 1
EL 224 100 150 100 1
EL 344 90 50 50 1
EL 584 250 90 90 1
EL 634 250 150 120 1
EL 762 280 70 70 1
KW 105 105 105
KP 105 105 105
ST
30 15
KW 176 196 222
KP 176 196 222
prostokat 0 0 700 600 1
KW 255 215 0
KP 255 215 0
EL 500 100 190 190 1
TG 120 400
KW 245 245 245
KP 245 245 245
EL 180 100 80 80 1
EL 230 100 150 100 1
EL 350 90 50 50 1
EL 580 250 90 90 1
EL 630 250 150 120 1
EL 758 280 70 70 1
KW 105 105 105
KP 105 105 105
ST
31 15
KW 176 196 222
KP 176 196 222
prostokat 0 0 700 600 1
KW 255 215 0
KP 255 215 0
EL 500 100 190 190 1
TG 124 400
KW 245 245 245
KP 245 245 245
EL 186 100 80 80 1
EL 236 100 150 100 1
EL 356 90 50 50 1
EL 576 250 90 90 1
EL 626 250 150 120 1
EL 754 280 70 70 1
KW 105 105 105
KP 105 105 105
ST
32 15
KW 176 196 222
KP 176 196 222
prostokat 0 0 700 600 1
KW 255 215 0
KP 255 215 0
EL 500 100 190 190 1
TG 128 400
KW 245 245 245
KP 245 245 245
EL 192 100 80 80 1
EL 242 100 150 100 1
EL 362 90 50 50 1
EL 572 250 90 90 1
EL 622 250 150 120 1
EL 750 280 70 70 1
KW 105 105 105
KP 105 105 105
ST
33 15
KW 176 196 222
KP 176 196 222
prostokat 0 0 700 600 1
KW 255 215 0
KP 255 215 0
EL 500 100 190 190 1
TG 132 400
KW 245 245 245
KP 245 245 245
EL 198 100 80 80 1
EL 248 100 150 100 1
EL 368 90 50 50 1
EL 568 250 90 90 1
EL 618 250 150 120 1
EL 746 280 70 70 1
KW 105 105 105
KP 105 105 105
ST
34 15
KW 176 196 222
KP 176 196 222
prostokat 0 0 700 600 1
KW 255 215 0
KP 255 215 0
EL 500 100 190 190 1
TG 136 400
KW 245 245 245
KP 245 245 245
EL 204 100 80 80 1
EL 254 100 150 100 1
EL 374 90 50 50 1
EL 564 250 90 90 1
EL 614 250 150 120 1
EL 742 280 70 70 1
KW 105 105 105
KP 105 105 105
ST
35 15
KW 176 196 222
KP 176 196 222
prostokat 0 0 700 600 1
KW 255 215 0
KP 255 215 0
EL 500 100 190 190 1
TG 140 400
KW 245 245 245
KP 245 245 245
EL 210 100 80 80 1
EL 260 100 150 100 1
EL 380 90 50 50 1
EL 560 250 90 90 1
EL 610 250 150 120 1
EL 738 280 70 70 1
KW 105 105 105
KP 105 105 105
ST
36 15
KW 176 196 222
KP 176 196 222
prostokat 0 0 700 600 1
KW 255 215 0
KP 255 215 0
EL 500 100 190 190 1
TG 144 400
KW 245 245 245
KP 245 245 245
EL 216 100 80 80 1
EL 266 100 150 100 1
EL 386 90 50 50 1
EL 556 250 90 90 1
EL 606 250 150 120 1
EL 734 280 70 70 1
KW 105 105 105
KP 105 105 105
ST
37 15
KW 176 196 222
KP 176 196 222
prostokat 0 0 700 600 1
KW 255 215 0
KP 255 215 0
EL 500 100 190 190 1
TG 148 400
KW 245 245 245
KP 245 245 245
EL 222 100 80 80 1
EL 272 100 150 100 1
EL 392 90 50 50 1
EL 552 250 90 90 1
EL 602 250 150 120 1
EL 730 280 70 70 1
KW 105 105 105
KP 105 105 105
ST
38 15
KW 176 196 222
KP 176 196 222
prostokat 0 0 700 600 1
KW 255 215 0
KP 255 215 0
EL 500 100 190 190 1
TG 152 400
KW 245 245 245
KP 245 245 245
EL 228 100 80 80 1
EL 278 100 150 100 1
EL 398 90 50 50 1
EL 548 250 90 90 1
EL 598 250 150 120 1
EL 726 280 70 70 1
KW 105 105 105
KP 105 105 105
ST
39 15
KW 176 196 222
KP 176 196 222
prostokat 0 0 700 600 1
KW 255 215 0
KP 255 215 0
EL 500 100 190 190 1
TG 156 400
KW 245 245 245
KP 245 245 245
EL 234 100 80 80 1
EL 284 100 150 100 1
EL 404 90 50 50 1
EL 544 250 90 90 1
EL 594 250 150 120 1
EL 722 280 70 70 1
KW 105 105 105
KP 105 105 105
ST
40 15
KW 176 196 222
KP 176 196 222
prostokat 0 0 700 600 1
KW 255 215 0
KP 255 215 0
EL 500 100 190 190 1
TG 160 400
KW 245 245 245
KP 245 245 245
EL 240 100 80 80 1
EL 290 100 150 100 1
EL 410 90 50 50 1
EL 540 250 90 90 1
EL 590 250 150 120 1
EL 718 280 70 70 1
KW 105 105 105
KP 105 105 105
ST
41 15
KW 176 196 222
KP 176 196 222
prostokat 0 0 700 600 1
KW 255 215 0
KP 255 215 0
EL 500 100 190 190 1
TG 164 400
KW 245 245 245
KP 245 245 245
EL 246 100 80 80 1
EL 296 100 150 100 1
EL 416 90 50 50 1
EL 536 250 90 90 1
EL 586 250 150 120 1
EL 714 280 70 70 1
KW 105 105 105
KP 105 105 105
ST
42 15
KW 176 196 222
KP 176 196 222
prostokat 0 0 700 600 1
KW 255 215 0
KP 255 215 0
EL 500 100 190 190 1
TG 168 400
KW 245 245 245
KP 245 245 245
EL 252 100 80 80 1
EL 302 100 150 100 1
EL 422 90 50 50 1
EL 532 250 90 90 1
EL 582 250 150 120 1
EL 710 280 70 70 1
KW 105 105 105
KP 105 105 105
ST
43 15
KW 176 196 222
KP 176 196 222
prostokat 0 0 700 600 1
KW 255 215 0
KP 255 215 0
EL 500 100 190 190 1
TG 172 400
KW 245 245 245
KP 245 245 245
EL 258 100 80 80 1
EL 308 100 150 100 1
EL 428 90 50 50 1
EL 528 250 90 90 1
EL 578 250 150 120 1
EL 706 280 70 70 1
KW 105 105 105
KP 105 105 105
ST
44 15
KW 176 196 222
KP 176 196 222
prostokat 0 0 700 600 1
KW 255 215 0
KP 255 215 0
EL 500 100 190 190 1
TG 176 400
KW 245 245 245
KP 245 245 245
EL 264 100 80 80 1
EL 314 100 150 100 1
EL 434 90 50 50 1
EL 524 250 90 90 1
EL 574 250 150 120 1
EL 702 280 70 70 1
KW 105 105 105
KP 105 105 105
ST
45 15
KW 176 196 222
KP 176 196 222
prostokat 0 0 700 600 1
KW 255 215 0
KP 255 215 0
EL 500 100 190 190 1
TG 180 400
KW 245 245 245
KP 245 245 245
EL 270 100 80 80 1
EL 320 100 150 100 1
EL 440 90 50 50 1
EL 520 250 90 90 1
EL 570 250 150 120 1
EL 698 280 70 70 1
KW 105 105 105
KP 105 105 105
ST
46 15
KW 176 196 222
KP 176 196 222
prostokat 0 0 700 600 1
KW 255 215 0
KP 255 215 0
EL 500 100 190 190 1
TG 184 400
KW 245 245 245
KP 245 245 245
EL 276 100 80 80 1
EL 326 100 150 100 1
EL 446 90 50 50 1
EL 516 250 90 90 1
EL 566 250 150 120 1
EL 694 280 70 70 1
KW 105 105 105
KP 105 105 105
ST
47 15
KW 176 196 222
KP 176 196 222
prostokat 0 0 700 600 1
KW 255 215 0
KP 255 215 0
EL 500 100 190 190 1
TG 188 400
KW 245 245 245
KP 245 245 245
EL 282 100 80 80 1
EL 332 100 150 100 1
EL 452 90 50 50 1
EL 512 250 90 90 1
EL 562 250 150 120 1
EL 690 280 70 70 1
KW 105 105 105
KP 105 105 105
ST
48 15
KW 176 196 222
KP 176 196 222
prostokat 0 0 700 600 1
KW 255 215 0
KP 255 215 0
EL 500 100 190 190 1
TG 192 400
KW 245 245 245
KP 245 245 245
EL 288 100 80 80 1
EL 338 100 150 100 1
EL 458 90 50 50 1
EL 508 250 90 90 1
EL 558 250 150 120 1
EL 686 280 70 70 1
KW 105 105 105
KP 105 105 105
ST
49 15
KW 176 196 222
KP 176 196 222
prostokat 0 0 700 600 1
KW 255 215 0
KP 255 215 0
EL 500 100 190 190 1
TG 196 400
KW 245 245 245
KP 245 245 245
EL 294 100 80 80 1
EL 344 100 150 100 1
EL 464 90 50 50 1
EL 504 250 90 90 1
EL 554 250 150 120 1
EL 682 280 70 70 1
KW 105 105 105
KP 105 105 105
ST
50 15
KW 176 196 222
KP 176 196 222
prostokat 0 0 700 600 1
KW 255 215 0
KP 255 215 0
EL 500 100 190 190 1
TG 200 400
KW 245 245 245
KP 245 245 245
EL 300 100 80 80 1
EL 350 100 150 100 1
EL 470 90 50 50 1
EL 500 250 90 90 1
EL 550 250 150 120 1
EL 678 280 70 70 1
KW 105 105 105
KP 105 105 105
ST
51 15
KW 176 196 222
KP 176 196 222
prostokat 0 0 700 600 1
KW 255 215 0
KP 255 215 0
EL 500 100 190 190 1
TG 204 400
KW 245 245 245
KP 245 245 245
EL 306 100 80 80 1
EL 356 100 150 100 1
EL 476 90 50 50 1
EL 496 250 90 90 1
EL 546 250 150 120 1
EL 674 280 70 70 1
KW 105 105 105
KP 105 105 105
ST
52 15
KW 176 196 222
KP 176 196 222
prostokat 0 0 700 600 1
KW 255 215 0
KP 255 215 0
EL 500 100 190 190 1
TG 208 400
KW 245 245 245
KP 245 245 245
EL 312 100 80 80 1
EL 362 100 150 100 1
EL 482 90 50 50 1
EL 492 250 90 90 1
EL 542 250 150 120 1
EL 670 280 70 70 1
KW 105 105 105
KP 105 105 105
ST
53 15
KW 176 196 222
KP 176 196 222
prostokat 0 0 700 600 1
KW 255 215 0
KP 255 215 0
EL 500 100 190 190 1
TG 212 400
KW 245 245 245
KP 245 245 245
EL 318 100 80 80 1
EL 368 100 150 100 1
EL 488 90 50 50 1
EL 488 250 90 90 1
EL 538 250 150 120 1
EL 666 280 70 70 1
KW 105 105 105
KP 105 105 105
ST
54 15
KW 176 196 222
KP 176 196 222
prostokat 0 0 700 600 1
KW 255 215 0
KP 255 215 0
EL 500 100 190 190 1
TG 216 400
KW 245 245 245
KP 245 245 245
EL 324 100 80 80 1
EL 374 100 150 100 1
EL 494 90 50 50 1
EL 484 250 90 90 1
EL 534 250 150 120 1
EL 662 280 70 70 1
KW 105 105 105
KP 105 105 105
ST
55 15
KW 176 196 222
KP 176 196 222
prostokat 0 0 700 600 1
KW 255 215 0
KP 255 215 0
EL 500 100 190 190 1
TG 220 400
KW 245 245 245
KP 245 245 245
EL 330 100 80 80 1
EL 380 100 150 100 1
EL 500 90 50 50 1
EL 480 250 90 90 1
EL 530 250 150 120 1
EL 658 280 70 70 1
KW 105 105 105
KP 105 105 105
ST
56 15
KW 176 196 222
KP 176 196 222
prostokat 0 0 700 600 1
KW 255 215 0
KP 255 215 0
EL 500 100 190 190 1
TG 224 400
KW 245 245 245
KP 245 245 245
EL 336 100 80 80 1
EL 386 100 150 100 1
EL 506 90 50 50 1
EL 476 250 90 90 1
EL 526 250 150 120 1
EL 654 280 70 70 1
KW 105 105 105
KP 105 105 105
ST
57 15
KW 176 196 222
KP 176 196 222
prostokat 0 0 700 600 1
KW 255 215 0
KP 255 215 0
EL 500 100 190 190 1
TG 228 400
KW 245 245 245
KP 245 245 245
EL 342 100 80 80 1
EL 392 100 150 100 1
EL 512 90 50 50 1
EL 472 250 90 90 1
EL 522 250 150 120 1
EL 650 280 70 70 1
KW 105 105 105
KP 105 105 105
ST
58 15
KW 176 196 222
KP 176 196 222
prostokat 0 0 700 600 1
KW 255 215 0
KP 255 215 0
EL 500 100 190 190 1
TG 232 400
KW 245 245 245
KP 245 245 245
EL 348 100 80 80 1
EL 398 100 150 100 1
EL 518 90 50 50 1
EL 468 250 90 90 1
EL 518 250 150 120 1
EL 646 280 70 70 1
KW 105 105 105
KP 105 105 105
ST
59 15
KW 176 196 222
KP 176 196 222
prostokat 0 0 700 600 1
KW 255 215 0
KP 255 215 0
EL 500 100 190 190 1
TG 236 400
KW 245 245 245
KP 245 245 245
EL 354 100 80 80 1
EL 404 100 150 100 1
EL 524 90 50 50 1
EL 464 250 90 90 1
EL 514 250 150 120 1
EL 642 280 70 70 1
KW 105 105 105
KP 105 105 105
ST
60 15
KW 176 196 222
KP 176 196 222
prostokat 0 0 700 600 1
KW 255 215 0
KP 255 215 0
EL 500 100 190 190 1
TG 240 400
KW 245 245 245
KP 245 245 245
EL 360 100 80 80 1
EL 410 100 150 100 1
EL 530 90 50 50 1
EL 460 250 90 90 1
EL 510 250 150 120 1
EL 638 280 70 70 1
KW 105 105 105
KP 105 105 105
ST
61 15
KW 176 196 222
KP 176 196 222
prostokat 0 0 700 600 1
KW 255 215 0
KP 255 215 0
EL 500 100 190 190 1
TG 244 400
KW 245 245 245
KP 245 245 245
EL 366 100 80 80 1
EL 416 100 150 100 1
EL 536 90 50 50 1
EL 456 250 90 90 1
EL 506 250 150 120 1
EL 634 280 70 70 1
KW 105 105 105
KP 105 105 105
ST
62 15
KW 176 196 222
KP 176 196 222
prostokat 0 0 700 600 1
KW 255 215 0
KP 255 215 0
EL 500 100 190 190 1
TG 248 400
KW 245 245 245
KP 245 245 245
EL 372 100 80 80 1
EL 422 100 150 100 1
EL 542 90 50 50 1
EL 452 250 90 90 1
EL 502 250 150 120 1
EL 630 280 70 70 1
KW 105 105 105
KP 105 105 105
ST
63 15
KW 176 196 222
KP 176 196 222
prostokat 0 0 700 600 1
KW 255 215 0
KP 255 215 0
EL 500 100 190 190 1
TG 252 400
KW 245 245 245
KP 245 245 245
EL 378 100 80 80 1
EL 428 100 150 100 1
EL 548 90 50 50 1
EL 448 250 90 90 1
EL 498 250 150 120 1
EL 626 280 70 70 1
KW 105 105 105
KP 105 105 105
ST
64 15
KW 176 196 222
KP 176 196 222
prostokat 0 0 700 600 1
KW 255 215 0
KP 255 215 0
EL 500 100 190 190 1
TG 256 400
KW 245 245 245
KP 245 245 245
EL 384 100 80 80 1
EL 434 100 150 100 1
EL 554 90 50 50 1
EL 444 250 90 90 1
EL 494 250 150 120 1
EL 622 280 70 70 1
KW 105 105 105
KP 105 105 105
ST
65 15
KW 176 196 222
KP 176 196 222
prostokat 0 0 700 600 1
KW 255 215 0
KP 255 215 0
EL 500 100 190 190 1
TG 260 400
KW 245 245 245
KP 245 245 245
EL 390 100 80 80 1
EL 440 100 150 100 1
EL 560 90 50 50 1
EL 440 250 90 90 1
EL 490 250 150 120 1
EL 618 280 70 70 1
KW 105 105 105
KP 105 105 105
ST
66 15
KW 176 196 222
KP 176 196 222
prostokat 0 0 700 600 1
KW 255 215 0
KP 255 215 0
EL 500 100 190 190 1
TG 264 400
KW 245 245 245
KP 245 245 245
EL 396 100 80 80 1
EL 446 100 150 100 1
EL 566 90 50 50 1
EL 436 250 90 90 1
EL 486 250 150 120 1
EL 614 280 70 70 1
KW 105 105 105
KP 105 105 105
ST
67 15
KW 176 196 222
KP 176 196 222
prostokat 0 0 700 600 1
KW 255 215 0
KP 255 215 0
EL 500 100 190 190 1
TG 268 400
KW 245 245 245
KP 245 245 245
EL 402 100 80 80 1
EL 452 100 150 100 1
EL 572 90 50 50 1
EL 432 250 90 90 1
EL 482 250 150 120 1
EL 610 280 70 70 1
KW 105 105 105
KP 105 105 105
ST
68 15
KW 176 196 222
KP 176 196 222
prostokat 0 0 700 600 1
KW 255 215 0
KP 255 215 0
EL 500 100 190 190 1
TG 272 400
KW 245 245 245
KP 245 245 245
EL 408 100 80 80 1
EL 458 100 150 100 1
EL 578 90 50 50 1
EL 428 250 90 90 1
EL 478 250 150 120 1
EL 606 280 70 70 1
KW 105 105 105
KP 105 105 105
ST
69 15
KW 176 196 222
KP 176 196 222
prostokat 0 0 700 600 1
KW 255 215 0
KP 255 215 0
EL 500 100 190 190 1
TG 276 400
KW 245 245 245
KP 245 245 245
EL 414 100 80 80 1
EL 464 100 150 100 1
EL 584 90 50 50 1
EL 424 250 90 90 1
EL 474 250 150 120 1
EL 602 280 70 70 1
KW 105 105 105
KP 105 105 105
ST
70 15
KW 176 196 222
KP 176 196 222
prostokat 0 0 700 600 1
KW 255 215 0
KP 255 215 0
EL 500 100 190 190 1
TG 280 400
KW 245 245 245
KP 245 245 245
EL 420 100 80 80 1
EL 470 100 150 100 1
EL 590 90 50 50 1
EL 420 250 90 90 1
EL 470 250 150 120 1
EL 598 280 70 70 1
KW 105 105 105
KP 105 105 105
ST
71 15
KW 176 196 222
KP 176 196 222
prostokat 0 0 700 600 1
KW 255 215 0
KP 255 215 0
EL 500 100 190 190 1
TG 284 400
KW 245 245 245
KP 245 245 245
EL 426 100 80 80 1
EL 476 100 150 100 1
EL 596 90 50 50 1
EL 416 250 90 90 1
EL 466 250 150 120 1
EL 594 280 70 70 1
KW 105 105 105
KP 105 105 105
ST
72 15
KW 176 196 222
KP 176 196 222
prostokat 0 0 700 600 1
KW 255 215 0
KP 255 215 0
EL 500 100 190 190 1
TG 288 400
KW 245 245 245
KP 245 245 245
EL 432 100 80 80 1
EL 482 100 150 100 1
EL 602 90 50 50 1
EL 412 250 90 90 1
EL 462 250 150 120 1
EL 590 280 70 70 1
KW 105 105 105
KP 105 105 105
ST
73 15
KW 176 196 222
KP 176 196 222
prostokat 0 0 700 600 1
KW 255 215 0
KP 255 215 0
EL 500 100 190 190 1
TG 292 400
KW 245 245 245
KP 245 245 245
EL 438 100 80 80 1
EL 488 100 150 100 1
EL 608 90 50 50 1
EL 408 250 90 90 1
EL 458 250 150 120 1
EL 586 280 70 70 1
KW 105 105 105
KP 105 105 105
ST
74 15
KW 176 196 222
KP 176 196 222
prostokat 0 0 700 600 1
KW 255 215 0
KP 255 215 0
EL 500 100 190 190 1
TG 296 400
KW 245 245 245
KP 245 245 245
EL 444 100 80 80 1
EL 494 100 150 100 1
EL 614 90 50 50 1
EL 404 250 90 90 1
EL 454 250 150 120 1
EL 582 280 70 70 1
KW 105 105 105
KP 105 105 105
ST
75 15
KW 176 196 222
KP 176 196 222
prostokat 0 0 700 600 1
KW 255 215 0
KP 255 215 0
EL 500 100 190 190 1
TG 300 400
KW 245 245 245
KP 245 245 245
EL 450 100 80 80 1
EL 500 100 150 100 1
EL 620 90 50 50 1
EL 400 250 90 90 1
EL 450 250 150 120 1
EL 578 280 70 70 1
KW 105 105 105
KP 105 105 105
ST
76 15
KW 176 196 222
KP 176 196 222
prostokat 0 0 700 600 1
KW 255 215 0
KP 255 215 0
EL 500 100 190 190 1
TG 304 400
KW 245 245 245
KP 245 245 245
EL 456 100 80 80 1
EL 506 100 150 100 1
EL 626 90 50 50 1
EL 396 250 90 90 1
EL 446 250 150 120 1
EL 574 280 70 70 1
KW 105 105 105
KP 105 105 105
ST
77 15
KW 176 196 222
KP 176 196 222
prostokat 0 0 700 600 1
KW 255 215 0
KP 255 215 0
EL 500 100 190 190 1
TG 308 400
KW 245 245 245
KP 245 245 245
EL 462 100 80 80 1
EL 512 100 150 100 1
EL 632 90 50 50 1
EL 392 250 90 90 1
EL 442 250 150 120 1
EL 570 280 70 70 1
KW 105 105 105
KP 105 105 105
ST
78 15
KW 176 196 222
KP 176 196 222
prostokat 0 0 700 600 1
KW 255 215 0
KP 255 215 0
EL 500 100 190 190 1
TG 312 400
KW 245 245 245
KP 245 245 245
EL 468 100 80 80 1
EL 518 100 150 100 1
EL 638 90 50 50 1
EL 388 250 90 90 1
EL 438 250 150 120 1
EL 566 280 70 70 1
KW 105 105 105
KP 105 105 105
ST
79 15
KW 176 196 222
KP 176 196 222
prostokat 0 0 700 600 1
KW 255 215 0
KP 255 215 0
EL 500 100 190 190 1
TG 316 400
KW 245 245 245
KP 245 245 245
EL 474 100 80 80 1
EL 524 100 150 100 1
EL 644 90 50 50 1
EL 384 250 90 90 1
EL 434 250 150 120 1
EL 562 280 70 70 1
KW 105 105 105
KP 105 105 105
ST
80 15
KW 176 196 222
KP 176 196 222
prostokat 0 0 700 600 1
KW 255 215 0
KP 255 215 0
EL 500 100 190 190 1
TG 320 400
KW 245 245 245
KP 245 245 245
EL 480 100 80 80 1
EL 530 100 150 100 1
EL 650 90 50 50 1
EL 380 250 90 90 1
EL 430 250 150 120 1
EL 558 280 70 70 1
KW 105 105 105
KP 105 105 105
ST
81 15
KW 176 196 222
KP 176 196 222
prostokat 0 0 700 600 1
KW 255 215 0
KP 255 215 0
EL 500 100 190 190 1
TG 324 400
KW 245 245 245
KP 245 245 245
EL 486 100 80 80 1
EL 536 100 150 100 1
EL 656 90 50 50 1
EL 376 250 90 90 1
EL 426 250 150 120 1
EL 554 280 70 70 1
KW 105 105 105
KP 105 105 105
ST
82 15
KW 176 196 222
KP 176 196 222
prostokat 0 0 700 600 1
KW 255 215 0
KP 255 215 0
EL 500 100 190 190 1
TG 328 400
KW 245 245 245
KP 245 245 245
EL 492 100 80 80 1
EL 542 100 150 100 1
EL 662 90 50 50 1
EL 372 250 90 90 1
EL 422 250 150 120 1
EL 550 280 70 70 1
KW 105 105 105
KP 105 105 105
ST
83 15
KW 176 196 222
KP 176 196 222
prostokat 0 0 700 600 1
KW 255 215 0
KP 255 215 0
EL 500 100 190 190 1
TG 332 400
KW 245 245 245
KP 245 245 245
EL 498 100 80 80 1
EL 548 100 150 100 1
EL 668 90 50 50 1
EL 368 250 90 90 1
EL 418 250 150 120 1
EL 546 280 70 70 1
KW 105 105 105
KP 105 105 105
ST
84 15
KW 176 196 222
KP 176 196 222
prostokat 0 0 700 600 1
KW 255 215 0
KP 255 215 0
EL 500 100 190 190 1
TG 336 400
KW 245 245 245
KP 245 245 245
EL 504 100 80 80 1
EL 554 100 150 100 1
EL 674 90 50 50 1
EL 364 250 90 90 1
EL 414 250 150 120 1
EL 542 280 70 70 1
KW 105 105 105
KP 105 105 105
ST
85 15
KW 176 196 222
KP 176 196 222
prostokat 0 0 700 600 1
KW 255 215 0
KP 255 215 0
EL 500 100 190 190 1
TG 340 400
KW 245 245 245
KP 245 245 245
EL 510 100 80 80 1
EL 560 100 150 100 1
EL 680 90 50 50 1
EL 360 250 90 90 1
EL 410 250 150 120 1
EL 538 280 70 70 1
KW 105 105 105
KP 105 105 105
ST
86 15
KW 176 196 222
KP 176 196 222
prostokat 0 0 700 600 1
KW 255 215 0
KP 255 215 0
EL 500 100 190 190 1
TG 344 400
KW 245 245 245
KP 245 245 245
EL 516 100 80 80 1
EL 566 100 150 100 1
EL 686 90 50 50 1
EL 356 250 90 90 1
EL 406 250 150 120 1
EL 534 280 70 70 1
KW 105 105 105
KP 105 105 105
ST
87 15
KW 176 196 222
KP 176 196 222
prostokat 0 0 700 600 1
KW 255 215 0
KP 255 215 0
EL 500 100 190 190 1
TG 348 400
KW 245 245 245
KP 245 245 245
EL 522 100 80 80 1
EL 572 100 150 100 1
EL 692 90 50 50 1
EL 352 250 90 90 1
EL 402 250 150 120 1
EL 530 280 70 70 1
KW 105 105 105
KP 105 105 105
ST
88 15
KW 176 196 222
KP 176 196 222
prostokat 0 0 700 600 1
KW 255 215 0
KP 255 215 0
EL 500 100 190 190 1
TG 352 400
KW 245 245 245
KP 245 245 245
EL 528 100 80 80 1
EL 578 100 150 100 1
EL 698 90 50 50 1
EL 348 250 90 90 1
EL 398 250 150 120 1
EL 526 280 70 70 1
KW 105 105 105
KP 105 105 105
ST
89 15
KW 176 196 222
KP 176 196 222
prostokat 0 0 700 600 1
KW 255 215 0
KP 255 215 0
EL 500 100 190 190 1
TG 356 400
KW 245 245 245
KP 245 245 245
EL 534 100 80 80 1
EL 584 100 150 100 1
EL 704 90 50 50 1
EL 344 250 90 90 1
EL 394 250 150 120 1
EL 522 280 70 70 1
KW 105 105 105
KP 105 105 105
ST
90 15
KW 176 196 222
KP 176 196 222
prostokat 0 0 700 600 1
KW 255 215 0
KP 255 215 0
EL 500 100 190 190 1
TG 360 400
KW 245 245 245
KP 245 245 245
EL 540 100 80 80 1
EL 590 100 150 100 1
EL 710 90 50 50 1
EL 340 250 90 90 1
EL 390 250 150 120 1
EL 518 280 70 70 1
KW 105 105 105
KP 105 105 105
ST
91 15
KW 176 196 222
KP 176 196 222
prostokat 0 0 700 600 1
KW 255 215 0
KP 255 215 0
EL 500 100 190 190 1
TG 364 400
KW 245 245 245
KP 245 245 245
EL 546 100 80 80 1
EL 596 100 150 100 1
EL 716 90 50 50 1
EL 336 250 90 90 1
EL 386 250 150 120 1
EL 514 280 70 70 1
KW 105 105 105
KP 105 105 105
ST
92 15
KW 176 196 222
KP 176 196 222
prostokat 0 0 700 600 1
KW 255 215 0
KP 255 215 0
EL 500 100 190 190 1
TG 368 400
KW 245 245 245
KP 245 245 245
EL 552 100 80 80 1
EL 602 100 150 100 1
EL 722 90 50 50 1
EL 332 250 90 90 1
EL 382 250 150 120 1
EL 510 280 70 70 1
KW 105 105 105
KP 105 105 105
ST
93 15
KW 176 196 222
KP 176 196 222
prostokat 0 0 700 600 1
KW 255 215 0
KP 255 215 0
EL 500 100 190 190 1
TG 372 400
KW 245 245 245
KP 245 245 245
EL 558 100 80 80 1
EL 608 100 150 100 1
EL 728 90 50 50 1
EL 328 250 90 90 1
EL 378 250 150 120 1
EL 506 280 70 70 1
KW 105 105 105
KP 105 105 105
ST
94 15
KW 176 196 222
KP 176 196 222
prostokat 0 0 700 600 1
KW 255 215 0
KP 255 215 0
EL 500 100 190 190 1
TG 376 400
KW 245 245 245
KP 245 245 245
EL 564 100 80 80 1
EL 614 100 150 100 1
EL 734 90 50 50 1
EL 324 250 90 90 1
EL 374 250 150 120 1
EL 502 280 70 70 1
KW 105 105 105
KP 105 105 105
ST
95 15
KW 176 196 222
KP 176 196 222
prostokat 0 0 700 600 1
KW 255 215 0
KP 255 215 0
EL 500 100 190 190 1
TG 380 400
KW 245 245 245
KP 245 245 245
EL 570 100 80 80 1
EL 620 100 150 100 1
EL 740 90 50 50 1
EL 320 250 90 90 1
EL 370 250 150 120 1
EL 498 280 70 70 1
KW 105 105 105
KP 105 105 105
ST
96 15
KW 176 196 222
KP 176 196 222
prostokat 0 0 700 600 1
KW 255 215 0
KP 255 215 0
EL 500 100 190 190 1
TG 384 400
KW 245 245 245
KP 245 245 245
EL 576 100 80 80 1
EL 626 100 150 100 1
EL 746 90 50 50 1
EL 316 250 90 90 1
EL 366 250 150 120 1
EL 494 280 70 70 1
KW 105 105 105
KP 105 105 105
ST
97 15
KW 176 196 222
KP 176 196 222
prostokat 0 0 700 600 1
KW 255 215 0
KP 255 215 0
EL 500 100 190 190 1
TG 388 400
KW 245 245 245
KP 245 245 245
EL 582 100 80 80 1
EL 632 100 150 100 1
EL 752 90 50 50 1
EL 312 250 90 90 1
EL 362 250 150 120 1
EL 490 280 70 70 1
KW 105 105 105
KP 105 105 105
ST
98 15
KW 176 196 222
KP 176 196 222
prostokat 0 0 700 600 1
KW 255 215 0
KP 255 215 0
EL 500 100 190 190 1
TG 392 400
KW 245 245 245
KP 245 245 245
EL 588 100 80 80 1
EL 638 100 150 100 1
EL 758 90 50 50 1
EL 308 250 90 90 1
EL 358 250 150 120 1
EL 486 280 70 70 1
KW 105 105 105
KP 105 105 105
ST
99 15
KW 176 196 222
KP 176 196 222
prostokat 0 0 700 600 1
KW 255 215 0
KP 255 215 0
EL 500 100 190 190 1
TG 396 400
KW 245 245 245
KP 245 245 245
EL 594 100 80 80 1
EL 644 100 150 100 1
EL 764 90 50 50 1
EL 304 250 90 90 1
EL 354 250 150 120 1
EL 482 280 70 70 1
KW 105 105 105
KP 105 105 105
ST
100 15
KW 176 196 222
KP 176 196 222
prostokat 0 0 700 600 1
KW 255 215 0
KP 255 215 0
EL 500 100 190 190 1
TG 400 400
KW 245 245 245
KP 245 245 245
EL 600 100 80 80 1
EL 650 100 150 100 1
EL 770 90 50 50 1
EL 300 250 90 90 1
EL 350 250 150 120 1
EL 478 280 70 70 1
KW 105 105 105
KP 105 105 105
ST
101 15
KW 176 196 222
KP 176 196 222
prostokat 0 0 700 600 1
KW 255 215 0
KP 255 215 0
EL 500 100 190 190 1
TG 404 400
KW 245 245 245
KP 245 245 245
EL 606 100 80 80 1
EL 656 100 150 100 1
EL 776 90 50 50 1
EL 296 250 90 90 1
EL 346 250 150 120 1
EL 474 280 70 70 1
KW 105 105 105
KP 105 105 105
ST
102 15
KW 176 196 222
KP 176 196 222
prostokat 0 0 700 600 1
KW 255 215 0
KP 255 215 0
EL 500 100 190 190 1
TG 408 400
KW 245 245 245
KP 245 245 245
EL 612 100 80 80 1
EL 662 100 150 100 1
EL 782 90 50 50 1
EL 292 250 90 90 1
EL 342 250 150 120 1
EL 470 280 70 70 1
KW 105 105 105
KP 105 105 105
ST
103 15
KW 176 196 222
KP 176 196 222
prostokat 0 0 700 600 1
KW 255 215 0
KP 255 215 0
EL 500 100 190 190 1
TG 412 400
KW 245 245 245
KP 245 245 245
EL 618 100 80 80 1
EL 668 100 150 100 1
EL 788 90 50 50 1
EL 288 250 90 90 1
EL 338 250 150 120 1
EL 466 280 70 70 1
KW 105 105 105
KP 105 105 105
ST
104 15
KW 176 196 222
KP 176 196 222
prostokat 0 0 700 600 1
KW 255 215 0
KP 255 215 0
EL 500 100 190 190 1
TG 416 400
KW 245 245 245
KP 245 245 245
EL 624 100 80 80 1
EL 674 100 150 100 1
EL 794 90 50 50 1
EL 284 250 90 90 1
EL 334 250 150 120 1
EL 462 280 70 70 1
KW 105 105 105
KP 105 105 105
ST
105 15
KW 176 196 222
KP 176 196 222
prostokat 0 0 700 600 1
KW 255 215 0
KP 255 215 0
EL 500 100 190 190 1
TG 420 400
KW 245 245 245
KP 245 245 245
EL 630 100 80 80 1
EL 680 100 150 100 1
EL 800 90 50 50 1
EL 280 250 90 90 1
EL 330 250 150 120 1
EL 458 280 70 70 1
KW 105 105 105
KP 105 105 105
ST
106 15
KW 176 196 222
KP 176 196 222
prostokat 0 0 700 600 1
KW 255 215 0
KP 255 215 0
EL 500 100 190 190 1
TG 424 400
KW 245 245 245
KP 245 245 245
EL 636 100 80 80 1
EL 686 100 150 100 1
EL 806 90 50 50 1
EL 276 250 90 90 1
EL 326 250 150 120 1
EL 454 280 70 70 1
KW 105 105 105
KP 105 105 105
ST
107 15
KW 176 196 222
KP 176 196 222
prostokat 0 0 700 600 1
KW 255 215 0
KP 255 215 0
EL 500 100 190 190 1
TG 428 400
KW 245 245 245
KP 245 245 245
EL 642 100 80 80 1
EL 692 100 150 100 1
EL 812 90 50 50 1
EL 272 250 90 90 1
EL 322 250 150 120 1
EL 450 280 70 70 1
KW 105 105 105
KP 105 105 105
ST
108 15
KW 176 196 222
KP 176 196 222
prostokat 0 0 700 600 1
KW 255 215 0
KP 255 215 0
EL 500 100 190 190 1
TG 432 400
KW 245 245 245
KP 245 245 245
EL 648 100 80 80 1
EL 698 100 150 100 1
EL 818 90 50 50 1
EL 268 250 90 90 1
EL 318 250 150 120 1
EL 446 280 70 70 1
KW 105 105 105
KP 105 105 105
ST
109 15
KW 176 196 222
KP 176 196 222
prostokat 0 0 700 600 1
KW 255 215 0
KP 255 215 0
EL 500 100 190 190 1
TG 436 400
KW 245 245 245
KP 245 245 245
EL 654 100 80 80 1
EL 704 100 150 100 1
EL 824 90 50 50 1
EL 264 250 90 90 1
EL 314 250 150 120 1
EL 442 280 70 70 1
KW 105 105 105
KP 105 105 105
ST
110 15
KW 176 196 222
KP 176 196 222
prostokat 0 0 700 600 1
KW 255 215 0
KP 255 215 0
EL 500 100 190 190 1
TG 440 400
KW 245 245 245
KP 245 245 245
EL 660 100 80 80 1
EL 710 100 150 100 1
EL 830 90 50 50 1
EL 260 250 90 90 1
EL 310 250 150 120 1
EL 438 280 70 70 1
KW 105 105 105
KP 105 105 105
ST
111 15
KW 176 196 222
KP 176 196 222
prostokat 0 0 700 600 1
KW 255 215 0
KP 255 215 0
EL 500 100 190 190 1
TG 444 400
KW 245 245 245
KP 245 245 245
EL 666 100 80 80 1
EL 716 100 150 100 1
EL 836 90 50 50 1
EL 256 250 90 90 1
EL 306 250 150 120 1
EL 434 280 70 70 1
KW 105 105 105
KP 105 105 105
ST
112 15
KW 176 196 222
KP 176 196 222
prostokat 0 0 700 600 1
KW 255 215 0
KP 255 215 0
EL 500 100 190 190 1
TG 448 400
KW 245 245 245
KP 245 245 245
EL 672 100 80 80 1
EL 722 100 150 100 1
EL 842 90 50 50 1
EL 252 250 90 90 1
EL 302 250 150 120 1
EL 430 280 70 70 1
KW 105 105 105
KP 105 105 105
ST
113 15
KW 176 196 222
KP 176 196 222
prostokat 0 0 700 600 1
KW 255 215 0
KP 255 215 0
EL 500 100 190 190 1
TG 452 400
KW 245 245 245
KP 245 245 245
EL 678 100 80 80 1
EL 728 100 150 100 1
EL 848 90 50 50 1
EL 248 250 90 90 1
EL 298 250 150 120 1
EL 426 280 70 70 1
KW 105 105 105
KP 105 105 105
ST
114 15
KW 176 196 222
KP 176 196 222
prostokat 0 0 700 600 1
KW 255 215 0
KP 255 215 0
EL 500 100 190 190 1
TG 456 400
KW 245 245 245
KP 245 245 245
EL 684 100 80 80 1
EL 734 100 150 100 1
EL 854 90 50 50 1
EL 244 250 90 90 1
EL 294 250 150 120 1
EL 422 280 70 70 1
KW 105 105 105
KP 105 105 105
ST
115 15
KW 176 196 222
KP 176 196 222
prostokat 0 0 700 600 1
KW 255 215 0
KP 255 215 0
EL 500 100 190 190 1
TG 460 400
KW 245 245 245
KP 245 245 245
EL 690 100 80 80 1
EL 740 100 150 100 1
EL 860 90 50 50 1
EL 240 250 90 90 1
EL 290 250 150 120 1
EL 418 280 70 70 1
KW 105 105 105
KP 105 105 105
ST
116 15
KW 176 196 222
KP 176 196 222
prostokat 0 0 700 600 1
KW 255 215 0
KP 255 215 0
EL 500 100 190 190 1
TG 464 400
KW 245 245 245
KP 245 245 245
EL 696 100 80 80 1
EL 746 100 150 100 1
EL 866 90 50 50 1
EL 236 250 90 90 1
EL 286 250 150 120 1
EL 414 280 70 70 1
KW 105 105 105
KP 105 105 105
ST
117 15
KW 176 196 222
KP 176 196 222
prostokat 0 0 700 600 1
KW 255 215 0
KP 255 215 0
EL 500 100 190 190 1
TG 468 400
KW 245 245 245
KP 245 245 245
EL 702 100 80 80 1
EL 752 100 150 100 1
EL 872 90 50 50 1
EL 232 250 90 90 1
EL 282 250 150 120 1
EL 410 280 70 70 1
KW 105 105 105
KP 105 105 105
ST
118 15
KW 176 196 222
KP 176 196 222
prostokat 0 0 700 600 1
KW 255 215 0
KP 255 215 0
EL 500 100 190 190 1
TG 472 400
KW 245 245 245
KP 245 245 245
EL 708 100 80 80 1
EL 758 100 150 100 1
EL 878 90 50 50 1
EL 228 250 90 90 1
EL 278 250 150 120 1
EL 406 280 70 70 1
KW 105 105 105
KP 105 105 105
ST
119 15
KW 176 196 222
KP 176 196 222
prostokat 0 0 700 600 1
KW 255 215 0
KP 255 215 0
EL 500 100 190 190 1
TG 476 400
KW 245 245 245
KP 245 245 245
EL 714 100 80 80 1
EL 764 100 150 100 1
EL 884 90 50 50 1
EL 224 250 90 90 1
EL 274 250 150 120 1
EL 402 280 70 70 1
KW 105 105 105
KP 105 105 105
ST
120 15
KW 176 196 222
KP 176 196 222
prostokat 0 0 700 600 1
KW 255 215 0
KP 255 215 0
EL 500 100 190 190 1
TG 480 400
KW 245 245 245
KP 245 245 245
EL 720 100 80 80 1
EL 770 100 150 100 1
EL 890 90 50 50 1
EL 220 250 90 90 1
EL 270 250 150 120 1
EL 398 280 70 70 1
KW 105 105 105
KP 105 105 105
ST
121 15
KW 176 196 222
KP 176 196 222
prostokat 0 0 700 600 1
KW 255 215 0
KP 255 215 0
EL 500 100 190 190 1
TG 484 400
KW 245 245 245
KP 245 245 245
EL 726 100 80 80 1
EL 776 100 150 100 1
EL 896 90 50 50 1
EL 216 250 90 90 1
EL 266 250 150 120 1
EL 394 280 70 70 1
KW 105 105 105
KP 105 105 105
ST
122 15
KW 176 196 222
KP 176 196 222
prostokat 0 0 700 600 1
KW 255 215 0
KP 255 215 0
EL 500 100 190 190 1
TG 488 400
KW 245 245 245
KP 245 245 245
EL 732 100 80 80 1
EL 782 100 150 100 1
EL 902 90 50 50 1
EL 212 250 90 90 1
EL 262 250 150 120 1
EL 390 280 70 70 1
KW 105 105 105
KP 105 105 105
ST
123 15
KW 176 196 222
KP 176 196 222
prostokat 0 0 700 600 1
KW 255 215 0
KP 255 215 0
EL 500 100 190 190 1
TG 492 400
KW 245 245 245
KP 245 245 245
EL 738 100 80 80 1
EL 788 100 150 100 1
EL 908 90 50 50 1
EL 208 250 90 90 1
EL 258 250 150 120 1
EL 386 280 70 70 1
KW 105 105 105
KP 105 105 105
ST
124 15
KW 176 196 222
KP 176 196 222
prostokat 0 0 700 600 1
KW 255 215 0
KP 255 215 0
EL 500 100 190 190 1
TG 496 400
KW 245 245 245
KP 245 245 245
EL 744 100 80 80 1
EL 794 100 150 100 1
EL 914 90 50 50 1
EL 204 250 90 90 1
EL 254 250 150 120 1
EL 382 280 70 70 1
KW 105 105 105
KP 105 105 105
ST
125 15
KW 176 196 222
KP 176 196 222
prostokat 0 0 700 600 1
KW 255 215 0
KP 255 215 0
EL 500 100 190 190 1
TG 500 400
KW 245 245 245
KP 245 245 245
EL 750 100 80 80 1
EL 800 100 150 100 1
EL 920 90 50 50 1
EL 200 250 90 90 1
EL 250 250 150 120 1
EL 378 280 70 70 1
KW 105 105 105
KP 105 105 105
ST
126 15
KW 176 196 222
KP 176 196 222
prostokat 0 0 700 600 1
KW 255 215 0
KP 255 215 0
EL 500 100 190 190 1
TG 504 400
KW 245 245 245
KP 245 245 245
EL 756 100 80 80 1
EL 806 100 150 100 1
EL 926 90 50 50 1
EL 196 250 90 90 1
EL 246 250 150 120 1
EL 374 280 70 70 1
KW 105 105 105
KP 105 105 105
ST
127 15
KW 176 196 222
KP 176 196 222
prostokat 0 0 700 600 1
KW 255 215 0
KP 255 215 0
EL 500 100 190 190 1
TG 508 400
KW 245 245 245
KP 245 245 245
EL 762 100 80 80 1
EL 812 100 150 100 1
EL 932 90 50 50 1
EL 192 250 90 90 1
EL 242 250 150 120 1
EL 370 280 70 70 1
KW 105 105 105
KP 105 105 105
ST
128 15
KW 176 196 222
KP 176 196 222
prostokat 0 0 700 600 1
KW 255 215 0
KP 255 215 0
EL 500 100 190 190 1
TG 512 400
KW 245 245 245
KP 245 245 245
EL 768 100 80 80 1
EL 818 100 150 100 1
EL 938 90 50 50 1
EL 188 250 90 90 1
EL 238 250 150 120 1
EL 366 280 70 70 1
KW 105 105 105
KP 105 105 105
ST
129 15
KW 176 196 222
KP 176 196 222
prostokat 0 0 700 600 1
KW 255 215 0
KP 255 215 0
EL 500 100 190 190 1
TG 516 400
KW 245 245 245
KP 245 245 245
EL 774 100 80 80 1
EL 824 100 150 100 1
EL 944 90 50 50 1
EL 184 250 90 90 1
EL 234 250 150 120 1
EL 362 280 70 70 1
KW 105 105 105
KP 105 105 105
ST
130 15
KW 176 196 222
KP 176 196 222
prostokat 0 0 700 600 1
KW 255 215 0
KP 255 215 0
EL 500 100 190 190 1
TG 520 400
KW 245 245 245
KP 245 245 245
EL 780 100 80 80 1
EL 830 100 150 100 1
EL 950 90 50 50 1
EL 180 250 90 90 1
EL 230 250 150 120 1
EL 358 280 70 70 1
KW 105 105 105
KP 105 105 105
ST
131 15
KW 176 196 222
KP 176 196 222
prostokat 0 0 700 600 1
KW 255 215 0
KP 255 215 0
EL 500 100 190 190 1
TG 524 400
KW 245 245 245
KP 245 245 245
EL 786 100 80 80 1
EL 836 100 150 100 1
EL 956 90 50 50 1
EL 176 250 90 90 1
EL 226 250 150 120 1
EL 354 280 70 70 1
KW 105 105 105
KP 105 105 105
ST
132 15
KW 176 196 222
KP 176 196 222
prostokat 0 0 700 600 1
KW 255 215 0
KP 255 215 0
EL 500 100 190 190 1
TG 528 400
KW 245 245 245
KP 245 245 245
EL 792 100 80 80 1
EL 842 100 150 100 1
EL 962 90 50 50 1
EL 172 250 90 90 1
EL 222 250 150 120 1
EL 350 280 70 70 1
KW 105 105 105
KP 105 105 105
ST
133 15
KW 176 196 222
KP 176 196 222
prostokat 0 0 700 600 1
KW 255 215 0
KP 255 215 0
EL 500 100 190 190 1
TG 532 400
KW 245 245 245
KP 245 245 245
EL 798 100 80 80 1
EL 848 100 150 100 1
EL 968 90 50 50 1
EL 168 250 90 90 1
EL 218 250 150 120 1
EL 346 280 70 70 1
KW 105 105 105
KP 105 105 105
ST
134 15
KW 176 196 222
KP 176 196 222
prostokat 0 0 700 600 1
KW 255 215 0
KP 255 215 0
EL 500 100 190 190 1
TG 536 400
KW 245 245 245
KP 245 245 245
EL 804 100 80 80 1
EL 854 100 150 100 1
EL 974 90 50 50 1
EL 164 250 90 90 1
EL 214 250 150 120 1
EL 342 280 70 70 1
KW 105 105 105
KP 105 105 105
ST
135 15
KW 176 196 222
KP 176 196 222
prostokat 0 0 700 600 1
KW 255 215 0
KP 255 215 0
EL 500 100 190 190 1
TG 540 400
KW 245 245 245
KP 245 245 245
EL 810 100 80 80 1
EL 860 100 150 100 1
EL 980 90 50 50 1
EL 160 250 90 90 1
EL 210 250 150 120 1
EL 338 280 70 70 1
KW 105 105 105
KP 105 105 105
ST
136 15
KW 176 196 222
KP 176 196 222
prostokat 0 0 700 600 1
KW 255 215 0
KP 255 215 0
EL 500 100 190 190 1
TG 544 400
KW 245 245 245
KP 245 245 245
EL 816 100 80 80 1
EL 866 100 150 100 1
EL 986 90 50 50 1
EL 156 250 90 90 1
EL 206 250 150 120 1
EL 334 280 70 70 1
KW 105 105 105
KP 105 105 105
ST
137 15
KW 176 196 222
KP 176 196 222
prostokat 0 0 700 600 1
KW 255 215 0
KP 255 215 0
EL 500 100 190 190 1
TG 548 400
KW 245 245 245
KP 245 245 245
EL 822 100 80 80 1
EL 872 100 150 100 1
EL 992 90 50 50 1
EL 152 250 90 90 1
EL 202 250 150 120 1
EL 330 280 70 70 1
KW 105 105 105
KP 105 105 105
ST
138 15
KW 176 196 222
KP 176 196 222
prostokat 0 0 700 600 1
KW 255 215 0
KP 255 215 0
EL 500 100 190 190 1
TG 552 400
KW 245 245 245
KP 245 245 245
EL 828 100 80 80 1
EL 878 100 150 100 1
EL 998 90 50 50 1
EL 148 250 90 90 1
EL 198 250 150 120 1
EL 326 280 70 70 1
KW 105 105 105
KP 105 105 105
ST
139 15
KW 176 196 222
KP 176 196 222
prostokat 0 0 700 600 1
KW 255 215 0
KP 255 215 0
EL 500 100 190 190 1
TG 556 400
KW 245 245 245
KP 245 245 245
EL 834 100 80 80 1
EL 884 100 150 100 1
EL 1004 90 50 50 1
EL 144 250 90 90 1
EL 194 250 150 120 1
EL 322 280 70 70 1
KW 105 105 105
KP 105 105 105
ST
140 15
KW 176 196 222
KP 176 196 222
prostokat 0 0 700 600 1
KW 255 215 0
KP 255 215 0
EL 500 100 190 190 1
TG 560 400
KW 245 245 245
KP 245 245 245
EL 840 100 80 80 1
EL 890 100 150 100 1
EL 1010 90 50 50 1
EL 140 250 90 90 1
EL 190 250 150 120 1
EL 318 280 70 70 1
KW 105 105 105
KP 105 105 105
ST
141 15
KW 176 196 222
KP 176 196 222
prostokat 0 0 700 600 1
KW 255 215 0
KP 255 215 0
EL 500 100 190 190 1
TG 564 400
KW 245 245 245
KP 245 245 245
EL 846 100 80 80 1
EL 896 100 150 100 1
EL 1016 90 50 50 1
EL 136 250 90 90 1
EL 186 250 150 120 1
EL 314 280 70 70 1
KW 105 105 105
KP 105 105 105
ST
142 15
KW 176 196 222
KP 176 196 222
prostokat 0 0 700 600 1
KW 255 215 0
KP 255 215 0
EL 500 100 190 190 1
TG 568 400
KW 245 245 245
KP 245 245 245
EL 852 100 80 80 1
EL 902 100 150 100 1
EL 1022 90 50 50 1
EL 132 250 90 90 1
EL 182 250 150 120 1
EL 310 280 70 70 1
KW 105 105 105
KP 105 105 105
ST
143 15
KW 176 196 222
KP 176 196 222
prostokat 0 0 700 600 1
KW 255 215 0
KP 255 215 0
EL 500 100 190 190 1
TG 572 400
KW 245 245 245
KP 245 245 245
EL 858 100 80 80 1
EL 908 100 150 100 1
EL 1028 90 50 50 1
EL 128 250 90 90 1
EL 178 250 150 120 1
EL 306 280 70 70 1
KW 105 105 105
KP 105 105 105
ST
144 15
KW 176 196 222
KP 176 196 222
prostokat 0 0 700 600 1
KW 255 215 0
KP 255 215 0
EL 500 100 190 190 1
TG 576 400
KW 245 245 245
KP 245 245 245
EL 864 100 80 80 1
EL 914 100 150 100 1
EL 1034 90 50 50 1
EL 124 250 90 90 1
EL 174 250 150 120 1
EL 302 280 70 70 1
KW 105 105 105
KP 105 105 105
ST
145 15
KW 176 196 222
KP 176 196 222
prostokat 0 0 700 600 1
KW 255 215 0
KP 255 215 0
EL 500 100 190 190 1
TG 580 400
KW 245 245 245
KP 245 245 245
EL 870 100 80 80 1
EL 920 100 150 100 1
EL 1040 90 50 50 1
EL 120 250 90 90 1
EL 170 250 150 120 1
EL 298 280 70 70 1
KW 105 105 105
KP 105 105 105
ST
146 15
KW 176 196 222
KP 176 196 222
prostokat 0 0 700 600 1
KW 255 215 0
KP 255 215 0
EL 500 100 190 190 1
TG 584 400
KW 245 245 245
KP 245 245 245
EL 876 100 80 80 1
EL 926 100 150 100 1
EL 1046 90 50 50 1
EL 116 250 90 90 1
EL 166 250 150 120 1
EL 294 280 70 70 1
KW 105 105 105
KP 105 105 105
ST
147 15
KW 176 196 222
KP 176 196 222
prostokat 0 0 700 600 1
KW 255 215 0
KP 255 215 0
EL 500 100 190 190 1
TG 588 400
KW 245 245 245
KP 245 245 245
EL 882 100 80 80 1
EL 932 100 150 100 1
EL 1052 90 50 50 1
EL 112 250 90 90 1
EL 162 250 150 120 1
EL 290 280 70 70 1
KW 105 105 105
KP 105 105 105
ST
148 15
KW 176 196 222
KP 176 196 222
prostokat 0 0 700 600 1
KW 255 215 0
KP 255 215 0
EL 500 100 190 190 1
TG 592 400
KW 245 245 245
KP 245 245 245
EL 888 100 80 80 1
EL 938 100 150 100 1
EL 1058 90 50 50 1
EL 108 250 90 90 1
EL 158 250 150 120 1
EL 286 280 70 70 1
KW 105 105 105
KP 105 105 105
ST
149 15
KW 176 196 222
KP 176 196 222
prostokat 0 0 700 600 1
KW 255 215 0
KP 255 215 0
EL 500 100 190 190 1
TG 596 400
KW 245 245 245
KP 245 245 245
EL 894 100 80 80 1
EL 944 100 150 100 1
EL 1064 90 50 50 1
EL 104 250 90 90 1
EL 154 250 150 120 1
EL 282 280 70 70 1
KW 105 105 105
KP 105 105 105
ST
150 15
KW 176 196 222
KP 176 196 222
prostokat 0 0 700 600 1
KW 255 215 0
KP 255 215 0
EL 500 100 190 190 1
TG 600 400
KW 245 245 245
KP 245 245 245
EL 900 100 80 80 1
EL 950 100 150 100 1
EL 1070 90 50 50 1
EL 100 250 90 90 1
EL 150 250 150 120 1
EL 278 280 70 70 1
KW 105 105 105
KP 105 105 105
ST
151 15
KW 176 196 222
KP 176 196 222
prostokat 0 0 700 600 1
KW 255 215 0
KP 255 215 0
EL 500 100 190 190 1
TG 604 400
KW 245 245 245
KP 245 245 245
EL 906 100 80 80 1
EL 956 100 150 100 1
EL 1076 90 50 50 1
EL 96 250 90 90 1
EL 146 250 150 120 1
EL 274 280 70 70 1
KW 105 105 105
KP 105 105 105
ST
152 15
KW 176 196 222
KP 176 196 222
prostokat 0 0 700 600 1
KW 255 215 0
KP 255 215 0
EL 500 100 190 190 1
TG 608 400
KW 245 245 245
KP 245 245 245
EL 912 100 80 80 1
EL 962 100 150 100 1
EL 1082 90 50 50 1
EL 92 250 90 90 1
EL 142 250 150 120 1
EL 270 280 70 70 1
KW 105 105 105
KP 105 105 105
ST
153 15
KW 176 196 222
KP 176 196 222
prostokat 0 0 700 600 1
KW 255 215 0
KP 255 215 0
EL 500 100 190 190 1
TG 612 400
KW 245 245 245
KP 245 245 245
EL 918 100 80 80 1
EL 968 100 150 100 1
EL 1088 90 50 50 1
EL 88 250 90 90 1
EL 138 250 150 120 1
EL 266 280 70 70 1
KW 105 105 105
KP 105 105 105
ST
154 15
KW 176 196 222
KP 176 196 222
prostokat 0 0 700 600 1
KW 255 215 0
KP 255 215 0
EL 500 100 190 190 1
TG 616 400
KW 245 245 245
KP 245 245 245
EL 924 100 80 80 1
EL 974 100 150 100 1
EL 1094 90 50 50 1
EL 84 250 90 90 1
EL 134 250 150 120 1
EL 262 280 70 70 1
KW 105 105 105
KP 105 105 105
ST
155 15
KW 176 196 222
KP 176 196 222
prostokat 0 0 700 600 1
KW 255 215 0
KP 255 215 0
EL 500 100 190 190 1
TG 620 400
KW 245 245 245
KP 245 245 245
EL 930 100 80 80 1
EL 980 100 150 100 1
EL 1100 90 50 50 1
EL 80 250 90 90 1
EL 130 250 150 120 1
EL 258 280 70 70 1
KW 105 105 105
KP 105 105 105
ST
156 15
KW 176 196 222
KP 176 196 222
prostokat 0 0 700 600 1
KW 255 215 0
KP 255 215 0
EL 500 100 190 190 1
TG 624 400
KW 245 245 245
KP 245 245 245
EL 936 100 80 80 1
EL 986 100 150 100 1
EL 1106 90 50 50 1
EL 76 250 90 90 1
EL 126 250 150 120 1
EL 254 280 70 70 1
KW 105 105 105
KP 105 105 105
ST
157 15
KW 176 196 222
KP 176 196 222
prostokat 0 0 700 600 1
KW 255 215 0
KP 255 215 0
EL 500 100 190 190 1
TG 628 400
KW 245 245 245
KP 245 245 245
EL 942 100 80 80 1
EL 992 100 150 100 1
EL 1112 90 50 50 1
EL 72 250 90 90 1
EL 122 250 150 120 1
EL 250 280 70 70 1
KW 105 105 105
KP 105 105 105
ST
158 15
KW 176 196 222
KP 176 196 222
prostokat 0 0 700 600 1
KW 255 215 0
KP 255 215 0
EL 500 100 190 190 1
TG 632 400
KW 245 245 245
KP 245 245 245
EL 948 100 80 80 1
EL 998 100 150 100 1
EL 1118 90 50 50 1
EL 68 250 90 90 1
EL 118 250 150 120 1
EL 246 280 70 70 1
KW 105 105 105
KP 105 105 105
ST
159 15
KW 176 196 222
KP 176 196 222
prostokat 0 0 700 600 1
KW 255 215 0
KP 255 215 0
EL 500 100 190 190 1
TG 636 400
KW 245 245 245
KP 245 245 245
EL 954 100 80 80 1
EL 1004 100 150 100 1
EL 1124 90 50 50 1
EL 64 250 90 90 1
EL 114 250 150 120 1
EL 242 280 70 70 1
KW 105 105 105
KP 105 105 105
ST
160 15
KW 176 196 222
KP 176 196 222
prostokat 0 0 700 600 1
KW 255 215 0
KP 255 215 0
EL 500 100 190 190 1
TG 640 400
KW 245 245 245
KP 245 245 245
EL 960 100 80 80 1
EL 1010 100 150 100 1
EL 1130 90 50 50 1
EL 60 250 90 90 1
EL 110 250 150 120 1
EL 238 280 70 70 1
KW 105 105 105
KP 105 105 105
ST
161 15
KW 176 196 222
KP 176 196 222
prostokat 0 0 700 600 1
KW 255 215 0
KP 255 215 0
EL 500 100 190 190 1
TG 644 400
KW 245 245 245
KP 245 245 245
EL 966 100 80 80 1
EL 1016 100 150 100 1
EL 1136 90 50 50 1
EL 56 250 90 90 1
EL 106 250 150 120 1
EL 234 280 70 70 1
KW 105 105 105
KP 105 105 105
ST
162 15
KW 176 196 222
KP 176 196 222
prostokat 0 0 700 600 1
KW 255 215 0
KP 255 215 0
EL 500 100 190 190 1
TG 648 400
KW 245 245 245
KP 245 245 245
EL 972 100 80 80 1
EL 1022 100 150 100 1
EL 1142 90 50 50 1
EL 52 250 90 90 1
EL 102 250 150 120 1
EL 230 280 70 70 1
KW 105 105 105
KP 105 105 105
ST
163 15
KW 176 196 222
KP 176 196 222
prostokat 0 0 700 600 1
KW 255 215 0
KP 255 215 0
EL 500 100 190 190 1
TG 652 400
KW 245 245 245
KP 245 245 245
EL 978 100 80 80 1
EL 1028 100 150 100 1
EL 1148 90 50 50 1
EL 48 250 90 90 1
EL 98 250 150 120 1
EL 226 280 70 70 1
KW 105 105 105
KP 105 105 105
ST
164 15
KW 176 196 222
KP 176 196 222
prostokat 0 0 700 600 1
KW 255 215 0
KP 255 215 0
EL 500 100 190 190 1
TG 656 400
KW 245 245 245
KP 245 245 245
EL 984 100 80 80 1
EL 1034 100 150 100 1
EL 1154 90 50 50 1
EL 44 250 90 90 1
EL 94 250 150 120 1
EL 222 280 70 70 1
KW 105 105 105
KP 105 105 105
ST
165 15
KW 176 196 222
KP 176 196 222
prostokat 0 0 700 600 1
KW 255 215 0
KP 255 215 0
EL 500 100 190 190 1
TG 660 400
KW 245 245 245
KP 245 245 245
EL 990 100 80 80 1
EL 1040 100 150 100 1
EL 1160 90 50 50 1
EL 40 250 90 90 1
EL 90 250 150 120 1
EL 218 280 70 70 1
KW 105 105 105
KP 105 105 105
ST
166 15
KW 176 196 222
KP 176 196 222
prostokat 0 0 700 600 1
KW 255 215 0
KP 255 215 0
EL 500 100 190 190 1
TG 664 400
KW 245 245 245
KP 245 245 245
EL 996 100 80 80 1
EL 1046 100 150 100 1
EL 1166 90 50 50 1
EL 36 250 90 90 1
EL 86 250 150 120 1
EL 214 280 70 70 1
KW 105 105 105
KP 105 105 105
ST
167 15
KW 176 196 222
KP 176 196 222
prostokat 0 0 700 600 1
KW 255 215 0
KP 255 215 0
EL 500 100 190 190 1
TG 668 400
KW 245 245 245
KP 245 245 245
EL 1002 100 80 80 1
EL 1052 100 150 100 1
EL 1172 90 50 50 1
EL 32 250 90 90 1
EL 82 250 150 120 1
EL 210 280 70 70 1
KW 105 105 105
KP 105 105 105
ST
168 15
KW 176 196 222
KP 176 196 222
prostokat 0 0 700 600 1
KW 255 215 0
KP 255 215 0
EL 500 100 190 190 1
TG 672 400
KW 245 245 245
KP 245 245 245
EL 1008 100 80 80 1
EL 1058 100 150 100 1
EL 1178 90 50 50 1
EL 28 250 90 90 1
EL 78 250 150 120 1
EL 206 280 70 70 1
KW 105 105 105
KP 105 105 105
ST
169 15
KW 176 196 222
KP 176 196 222
prostokat 0 0 700 600 1
KW 255 215 0
KP 255 215 0
EL 500 100 190 190 1
TG 676 400
KW 245 245 245
KP 245 245 245
EL 1014 100 80 80 1
EL 1064 100 150 100 1
EL 1184 90 50 50 1
EL 24 250 90 90 1
EL 74 250 150 120 1
EL 202 280 70 70 1
KW 105 105 105
KP 105 105 105
ST
170 15
KW 176 196 222
KP 176 196 222
prostokat 0 0 700 600 1
KW 255 215 0
KP 255 215 0
EL 500 100 190 190 1
TG 680 400
KW 245 245 245
KP 245 245 245
EL 1020 100 80 80 1
EL 1070 100 150 100 1
EL 1190 90 50 50 1
EL 20 250 90 90 1
EL 70 250 150 120 1
EL 198 280 70 70 1
KW 105 105 105
KP 105 105 105
ST
171 15
KW 176 196 222
KP 176 196 222
prostokat 0 0 700 600 1
KW 255 215 0
KP 255 215 0
EL 500 100 190 190 1
TG 684 400
KW 245 245 245
KP 245 245 245
EL 1026 100 80 80 1
EL 1076 100 150 100 1
EL 1196 90 50 50 1
EL 16 250 90 90 1
EL 66 250 150 120 1
EL 194 280 70 70 1
KW 105 105 105
KP 105 105 105
ST
172 15
KW 176 196 222
KP 176 196 222
prostokat 0 0 700 600 1
KW 255 215 0
KP 255 215 0
EL 500 100 190 190 1
TG 688 400
KW 245 245 245
KP 245 245 245
EL 1032 100 80 80 1
EL 1082 100 150 100 1
EL 1202 90 50 50 1
EL 12 250 90 90 1
EL 62 250 150 120 1
EL 190 280 70 70 1
KW 105 105 105
KP 105 105 105
ST
173 15
KW 176 196 222
KP 176 196 222
prostokat 0 0 700 600 1
KW 255 215 0
KP 255 215 0
EL 500 100 190 190 1
TG 692 400
KW 245 245 245
KP 245 245 245
EL 1038 100 80 80 1
EL 1088 100 150 100 1
EL 1208 90 50 50 1
EL 8 250 90 90 1
EL 58 250 150 120 1
EL 186 280 70 70 1
KW 105 105 105
KP 105 105 105
ST
174 15
KW 176 196 222
KP 176 196 222
prostokat 0 0 700 600 1
KW 255 215 0
KP 255 215 0
EL 500 100 190 190 1
TG 696 400
KW 245 245 245
KP 245 245 245
EL 1044 100 80 80 1
EL 1094 100 150 100 1
EL 1214 90 50 50 1
EL 4 250 90 90 1
EL 54 250 150 120 1
EL 182 280 70 70 1
KW 105 105 105
KP 105 105 105
ST
175 15
KW 176 196 222
KP 176 196 222
prostokat 0 0 700 600 1
KW 255 215 0
KP 255 215 0
EL 500 100 190 190 1
TG 700 400
KW 245 245 245
KP 245 245 245
EL 1050 100 80 80 1
EL 1100 100 150 100 1
EL 1220 90 50 50 1
EL 0 250 90 90 1
EL 50 250 150 120 1
EL 178 280 70 70 1
KW 105 105 105
KP 105 105 105
ST
176 15
KW 176 196 222
KP 176 196 222
prostokat 0 0 700 600 1
KW 255 215 0
KP 255 215 0
EL 500 100 190 190 1
TG 704 400
KW 245 245 245
KP 245 245 245
EL 1056 100 80 80 1
EL 1106 100 150 100 1
EL 1226 90 50 50 1
EL -4 250 90 90 1
EL 46 250 150 120 1
EL 174 280 70 70 1
KW 105 105 105
KP 105 105 105
ST
177 15
KW 176 196 222
KP 176 196 222
prostokat 0 0 700 600 1
KW 255 215 0
KP 255 215 0
EL 500 100 190 190 1
TG 708 400
KW 245 245 245
KP 245 245 245
EL 1062 100 80 80 1
EL 1112 100 150 100 1
EL 1232 90 50 50 1
EL -8 250 90 90 1
EL 42 250 150 120 1
EL 170 280 70 70 1
KW 105 105 105
KP 105 105 105
ST
178 15
KW 176 196 222
KP 176 196 222
prostokat 0 0 700 600 1
KW 255 215 0
KP 255 215 0
EL 500 100 190 190 1
TG 712 400
KW 245 245 245
KP 245 245 245
EL 1068 100 80 80 1
EL 1118 100 150 100 1
EL 1238 90 50 50 1
EL -12 250 90 90 1
EL 38 250 150 120 1
EL 166 280 70 70 1
KW 105 105 105
KP 105 105 105
ST
179 15
KW 176 196 222
KP 176 196 222
prostokat 0 0 700 600 1
KW 255 215 0
KP 255 215 0
EL 500 100 190 190 1
TG 716 400
KW 245 245 245
KP 245 245 245
EL 1074 100 80 80 1
EL 1124 100 150 100 1
EL 1244 90 50 50 1
EL -16 250 90 90 1
EL 34 250 150 120 1
EL 162 280 70 70 1
KW 105 105 105
KP 105 105 105
ST
180 15
KW 176 196 222
KP 176 196 222
prostokat 0 0 700 600 1
KW 255 215 0
KP 255 215 0
EL 500 100 190 190 1
TG 720 400
KW 245 245 245
KP 245 245 245
EL 1080 100 80 80 1
EL 1130 100 150 100 1
EL 1250 90 50 50 1
EL -20 250 90 90 1
EL 30 250 150 120 1
EL 158 280 70 70 1
KW 105 105 105
KP 105 105 105
ST
181 15
KW 176 196 222
KP 176 196 222
prostokat 0 0 700 600 1
KW 255 215 0
KP 255 215 0
EL 500 100 190 190 1
TG 724 400
KW 245 245 245
KP 245 245 245
EL 1086 100 80 80 1
EL 1136 100 150 100 1
EL 1256 90 50 50 1
EL -24 250 90 90 1
EL 26 250 150 120 1
EL 154 280 70 70 1
KW 105 105 105
KP 105 105 105
ST
182 15
KW 176 196 222
KP 176 196 222
prostokat 0 0 700 600 1
KW 255 215 0
KP 255 215 0
EL 500 100 190 190 1
TG 728 400
KW 245 245 245
KP 245 245 245
EL 1092 100 80 80 1
EL 1142 100 150 100 1
EL 1262 90 50 50 1
EL -28 250 90 90 1
EL 22 250 150 120 1
EL 150 280 70 70 1
KW 105 105 105
KP 105 105 105
ST
183 15
KW 176 196 222
KP 176 196 222
prostokat 0 0 700 600 1
KW 255 215 0
KP 255 215 0
EL 500 100 190 190 1
TG 732 400
KW 245 245 245
KP 245 245 245
EL 1098 100 80 80 1
EL 1148 100 150 100 1
EL 1268 90 50 50 1
EL -32 250 90 90 1
EL 18 250 150 120 1
EL 146 280 70 70 1
KW 105 105 105
KP 105 105 105
ST
184 15
KW 176 196 222
KP 176 196 222
prostokat 0 0 700 600 1
KW 255 215 0
KP 255 215 0
EL 500 100 190 190 1
TG 736 400
KW 245 245 245
KP 245 245 245
EL 1104 100 80 80 1
EL 1154 100 150 100 1
EL 1274 90 50 50 1
EL -36 250 90 90 1
EL 14 250 150 120 1
EL 142 280 70 70 1
KW 105 105 105
KP 105 105 105
ST
185 15
KW 176 196 222
KP 176 196 222
prostokat 0 0 700 600 1
KW 255 215 0
KP 255 215 0
EL 500 100 190 190 1
TG 740 400
KW 245 245 245
KP 245 245 245
EL 1110 100 80 80 1
EL 1160 100 150 100 1
EL 1280 90 50 50 1
EL -40 250 90 90 1
EL 10 250 150 120 1
EL 138 280 70 70 1
KW 105 105 105
KP 105 105 105
ST
186 15
KW 176 196 222
KP 176 196 222
prostokat 0 0 700 600 1
KW 255 215 0
KP 255 215 0
EL 500 100 190 190 1
TG 744 400
KW 245 245 245
KP 245 245 245
EL 1116 100 80 80 1
EL 1166 100 150 100 1
EL 1286 90 50 50 1
EL -44 250 90 90 1
EL 6 250 150 120 1
EL 134 280 70 70 1
KW 105 105 105
KP 105 105 105
ST
187 15
KW 176 196 222
KP 176 196 222
prostokat 0 0 700 600 1
KW 255 215 0
KP 255 215 0
EL 500 100 190 190 1
TG 748 400
KW 245 245 245
KP 245 245 245
EL 1122 100 80 80 1
EL 1172 100 150 100 1
EL 1292 90 50 50 1
EL -48 250 90 90 1
EL 2 250 150 120 1
EL 130 280 70 70 1
KW 105 105 105
KP 105 105 105
ST
188 15
KW 176 196 222
KP 176 196 222
prostokat 0 0 700 600 1
KW 255 215 0
KP 255 215 0
EL 500 100 190 190 1
TG 752 400
KW 245 245 245
KP 245 245 245
EL 1128 100 80 80 1
EL 1178 100 150 100 1
EL 1298 90 50 50 1
EL -52 250 90 90 1
EL -2 250 150 120 1
EL 126 280 70 70 1
KW 105 105 105
KP 105 105 105
ST
189 15
KW 176 196 222
KP 176 196 222
prostokat 0 0 700 600 1
KW 255 215 0
KP 255 215 0
EL 500 100 190 190 1
TG 756 400
KW 245 245 245
KP 245 245 245
EL 1134 100 80 80 1
EL 1184 100 150 100 1
EL 1304 90 50 50 1
EL -56 250 90 90 1
EL -6 250 150 120 1
EL 122 280 70 70 1
KW 105 105 105
KP 105 105 105
ST
190 15
KW 176 196 222
KP 176 196 222
prostokat 0 0 700 600 1
KW 255 215 0
KP 255 215 0
EL 500 100 190 190 1
TG 760 400
KW 245 245 245
KP 245 245 245
EL 1140 100 80 80 1
EL 1190 100 150 100 1
EL 1310 90 50 50 1
EL -60 250 90 90 1
EL -10 250 150 120 1
EL 118 280 70 70 1
KW 105 105 105
KP 105 105 105
ST
191 15
KW 176 196 222
KP 176 196 222
prostokat 0 0 700 600 1
KW 255 215 0
KP 255 215 0
EL 500 100 190 190 1
TG 764 400
KW 245 245 245
KP 245 245 245
EL 1146 100 80 80 1
EL 1196 100 150 100 1
EL 1316 90 50 50 1
EL -64 250 90 90 1
EL -14 250 150 120 1
EL 114 280 70 70 1
KW 105 105 105
KP 105 105 105
ST
192 15
KW 176 196 222
KP 176 196 222
prostokat 0 0 700 600 1
KW 255 215 0
KP 255 215 0
EL 500 100 190 190 1
TG 768 400
KW 245 245 245
KP 245 245 245
EL 1152 100 80 80 1
EL 1202 100 150 100 1
EL 1322 90 50 50 1
EL -68 250 90 90 1
EL -18 250 150 120 1
EL 110 280 70 70 1
KW 105 105 105
KP 105 105 105
ST
193 15
KW 176 196 222
KP 176 196 222
prostokat 0 0 700 600 1
KW 255 215 0
KP 255 215 0
EL 500 100 190 190 1
TG 772 400
KW 245 245 245
KP 245 245 245
EL 1158 100 80 80 1
EL 1208 100 150 100 1
EL 1328 90 50 50 1
EL -72 250 90 90 1
EL -22 250 150 120 1
EL 106 280 70 70 1
KW 105 105 105
KP 105 105 105
ST
194 15
KW 176 196 222
KP 176 196 222
prostokat 0 0 700 600 1
KW 255 215 0
KP 255 215 0
EL 500 100 190 190 1
TG 776 400
KW 245 245 245
KP 245 245 245
EL 1164 100 80 80 1
EL 1214 100 150 100 1
EL 1334 90 50 50 1
EL -76 250 90 90 1
EL -26 250 150 120 1
EL 102 280 70 70 1
KW 105 105 105
KP 105 105 105
ST
195 15
KW 176 196 222
KP 176 196 222
prostokat 0 0 700 600 1
KW 255 215 0
KP 255 215 0
EL 500 100 190 190 1
TG 780 400
KW 245 245 245
KP 245 245 245
EL 1170 100 80 80 1
EL 1220 100 150 100 1
EL 1340 90 50 50 1
EL -80 250 90 90 1
EL -30 250 150 120 1
EL 98 280 70 70 1
KW 105 105 105
KP 105 105 105
ST
196 15
KW 176 196 222
KP 176 196 222
prostokat 0 0 700 600 1
KW 255 215 0
KP 255 215 0
EL 500 100 190 190 1
TG 784 400
KW 245 245 245
KP 245 245 245
EL 1176 100 80 80 1
EL 1226 100 150 100 1
EL 1346 90 50 50 1
EL -84 250 90 90 1
EL -34 250 150 120 1
EL 94 280 70 70 1
KW 105 105 105
KP 105 105 105
ST
197 15
KW 176 196 222
KP 176 196 222
prostokat 0 0 700 600 1
KW 255 215 0
KP 255 215 0
EL 500 100 190 190 1
TG 788 400
KW 245 245 245
KP 245 245 245
EL 1182 100 80 80 1
EL 1232 100 150 100 1
EL 1352 90 50 50 1
EL -88 250 90 90 1
EL -38 250 150 120 1
EL 90 280 70 70 1
KW 105 105 105
KP 105 105 105
ST
198 15
KW 176 196 222
KP 176 196 222
prostokat 0 0 700 600 1
KW 255 215 0
KP 255 215 0
EL 500 100 190 190 1
TG 792 400
KW 245 245 245
KP 245 245 245
EL 1188 100 80 80 1
EL 1238 100 150 100 1
EL 1358 90 50 50 1
EL -92 250 90 90 1
EL -42 250 150 120 1
EL 86 280 70 70 1
KW 105 105 105
KP 105 105 105
ST
199 15
KW 176 196 222
KP 176 196 222
prostokat 0 0 700 600 1
KW 255 215 0
KP 255 215 0
EL 500 100 190 190 1
TG 796 400
KW 245 245 245
KP 245 245 245
EL 1194 100 80 80 1
EL 1244 100 150 100 1
EL 1364 90 50 50 1
EL -96 250 90 90 1
EL -46 250 150 120 1
EL 82 280 70 70 1
KW 105 105 105
KP 105 105 105
ST
KONIEC
