600 600
0 10
KP 240 128 128
KW 240 128 128
PR 0 300 600 200 1
RP 8KP 0 0 0
KW 0 0 0
LN 340 190 395 220
linia 395 220 420 180
TG 375 31
RP 9KP 245 222 179
KW 245 222 179
LN 365 335 300 420
KP 70 130 180
KW 70 130 180
EL 310 180 100 190 1
RP 11
linia 355 335 375.000000 430
KP 255 235 205
KW 255 235 205
elipsa 280 120 80 80 1
KW 255 255 255
KP 255 255 255
elipsa 310 160 7 7 1
KW 255 255 255
KP 255 255 255
elipsa 335 140 6 6 1
KW 0 0 0
KP 0 0 0
elipsa 315 165 4 4 1
KP 0 0 0
KW 0 0 0
elipsa 340 145 3 3 1
KP 255 0 0
KW 255 0 0
elipsa 350 170 4 4 1
RP 8
linia 355 220 405 195
LN 405 195 420 123
ST
1 10
KP 240 128 128
KW 240 128 128
PR 0 300 600 200 1
RP 8KP 0 0 0
KW 0 0 0
LN 339 190 394 220
linia 394 220 419 179
TG 374 31
RP 9KP 245 222 179
KW 245 222 179
LN 364 335 300 420
KP 70 130 180
KW 70 130 180
EL 309 180 100 190 1
RP 11
linia 354 335 373.500000 430
KP 255 235 205
KW 255 235 205
elipsa 279 120 80 80 1
KW 255 255 255
KP 255 255 255
elipsa 309 160 7 7 1
KW 255 255 255
KP 255 255 255
elipsa 334 140 6 6 1
KW 0 0 0
KP 0 0 0
elipsa 314 165 4 4 1
KP 0 0 0
KW 0 0 0
elipsa 339 145 3 3 1
KP 255 0 0
KW 255 0 0
elipsa 349 170 5 5 1
RP 8
linia 354 220 404 195
LN 404 195 419 123
ST
2 10
KP 240 128 128
KW 240 128 128
PR 0 300 600 200 1
RP 8KP 0 0 0
KW 0 0 0
LN 338 190 393 220
linia 393 220 418 178
TG 373 31
RP 9KP 245 222 179
KW 245 222 179
LN 363 335 300 420
KP 70 130 180
KW 70 130 180
EL 308 180 100 190 1
RP 11
linia 353 335 372.000000 430
KP 255 235 205
KW 255 235 205
elipsa 278 120 80 80 1
KW 255 255 255
KP 255 255 255
elipsa 308 160 7 7 1
KW 255 255 255
KP 255 255 255
elipsa 333 140 6 6 1
KW 0 0 0
KP 0 0 0
elipsa 313 165 4 4 1
KP 0 0 0
KW 0 0 0
elipsa 338 145 3 3 1
KP 255 0 0
KW 255 0 0
elipsa 348 170 6 6 1
RP 8
linia 353 220 403 195
LN 403 195 418 123
ST
3 10
KP 240 128 128
KW 240 128 128
PR 0 300 600 200 1
RP 8KP 0 0 0
KW 0 0 0
LN 337 190 392 220
linia 392 220 417 177
TG 372 31
RP 9KP 245 222 179
KW 245 222 179
LN 362 335 300 420
KP 70 130 180
KW 70 130 180
EL 307 180 100 190 1
RP 11
linia 352 335 370.500000 430
KP 255 235 205
KW 255 235 205
elipsa 277 120 80 80 1
KW 255 255 255
KP 255 255 255
elipsa 307 160 7 7 1
KW 255 255 255
KP 255 255 255
elipsa 332 140 6 6 1
KW 0 0 0
KP 0 0 0
elipsa 312 165 4 4 1
KP 0 0 0
KW 0 0 0
elipsa 337 145 3 3 1
KP 255 0 0
KW 255 0 0
elipsa 347 170 4 4 1
RP 8
linia 352 220 402 195
LN 402 195 417 123
ST
4 10
KP 240 128 128
KW 240 128 128
PR 0 300 600 200 1
RP 8KP 0 0 0
KW 0 0 0
LN 336 190 391 220
linia 391 220 416 176
TG 371 31
RP 9KP 245 222 179
KW 245 222 179
LN 361 335 300 420
KP 70 130 180
KW 70 130 180
EL 306 180 100 190 1
RP 11
linia 351 335 369.000000 430
KP 255 235 205
KW 255 235 205
elipsa 276 120 80 80 1
KW 255 255 255
KP 255 255 255
elipsa 306 160 7 7 1
KW 255 255 255
KP 255 255 255
elipsa 331 140 6 6 1
KW 0 0 0
KP 0 0 0
elipsa 311 165 4 4 1
KP 0 0 0
KW 0 0 0
elipsa 336 145 3 3 1
KP 255 0 0
KW 255 0 0
elipsa 346 170 5 5 1
RP 8
linia 351 220 401 195
LN 401 195 416 123
ST
5 10
KP 240 128 128
KW 240 128 128
PR 0 300 600 200 1
RP 8KP 0 0 0
KW 0 0 0
LN 335 190 390 219
linia 390 219 415 175
TG 370 31
RP 9KP 245 222 179
KW 245 222 179
LN 360 335 300 420
KP 70 130 180
KW 70 130 180
EL 305 180 100 190 1
RP 11
linia 350 335 367.500000 430
KP 255 235 205
KW 255 235 205
elipsa 275 120 80 80 1
KW 255 255 255
KP 255 255 255
elipsa 305 160 7 7 1
KW 255 255 255
KP 255 255 255
elipsa 330 140 6 6 1
KW 0 0 0
KP 0 0 0
elipsa 310 165 4 4 1
KP 0 0 0
KW 0 0 0
elipsa 335 145 3 3 1
KP 255 0 0
KW 255 0 0
elipsa 345 170 6 6 1
RP 8
linia 350 220 400 195
LN 400 195 415 123
ST
6 10
KP 240 128 128
KW 240 128 128
PR 0 300 600 200 1
RP 8KP 0 0 0
KW 0 0 0
LN 334 190 389 219
linia 389 219 414 174
TG 369 31
RP 9KP 245 222 179
KW 245 222 179
LN 359 335 300 420
KP 70 130 180
KW 70 130 180
EL 304 180 100 190 1
RP 11
linia 349 335 366.000000 430
KP 255 235 205
KW 255 235 205
elipsa 274 120 80 80 1
KW 255 255 255
KP 255 255 255
elipsa 304 160 7 7 1
KW 255 255 255
KP 255 255 255
elipsa 329 140 6 6 1
KW 0 0 0
KP 0 0 0
elipsa 309 165 4 4 1
KP 0 0 0
KW 0 0 0
elipsa 334 145 3 3 1
KP 255 0 0
KW 255 0 0
elipsa 344 170 4 4 1
RP 8
linia 349 220 399 195
LN 399 195 414 123
ST
7 10
KP 240 128 128
KW 240 128 128
PR 0 300 600 200 1
RP 8KP 0 0 0
KW 0 0 0
LN 333 190 388 219
linia 388 219 413 173
TG 368 31
RP 9KP 245 222 179
KW 245 222 179
LN 358 335 300 420
KP 70 130 180
KW 70 130 180
EL 303 180 100 190 1
RP 11
linia 348 335 364.500000 430
KP 255 235 205
KW 255 235 205
elipsa 273 120 80 80 1
KW 255 255 255
KP 255 255 255
elipsa 303 160 7 7 1
KW 255 255 255
KP 255 255 255
elipsa 328 140 6 6 1
KW 0 0 0
KP 0 0 0
elipsa 308 165 4 4 1
KP 0 0 0
KW 0 0 0
elipsa 333 145 3 3 1
KP 255 0 0
KW 255 0 0
elipsa 343 170 5 5 1
RP 8
linia 348 220 398 195
LN 398 195 413 123
ST
8 10
KP 240 128 128
KW 240 128 128
PR 0 300 600 200 1
RP 8KP 0 0 0
KW 0 0 0
LN 332 190 387 219
linia 387 219 412 172
TG 367 32
RP 9KP 245 222 179
KW 245 222 179
LN 357 335 300 420
KP 70 130 180
KW 70 130 180
EL 302 180 100 190 1
RP 11
linia 347 335 363.000000 430
KP 255 235 205
KW 255 235 205
elipsa 272 120 80 80 1
KW 255 255 255
KP 255 255 255
elipsa 302 160 7 7 1
KW 255 255 255
KP 255 255 255
elipsa 327 140 6 6 1
KW 0 0 0
KP 0 0 0
elipsa 307 165 4 4 1
KP 0 0 0
KW 0 0 0
elipsa 332 145 3 3 1
KP 255 0 0
KW 255 0 0
elipsa 342 170 6 6 1
RP 8
linia 347 220 397 195
LN 397 195 412 124
ST
9 10
KP 240 128 128
KW 240 128 128
PR 0 300 600 200 1
RP 8KP 0 0 0
KW 0 0 0
LN 331 190 386 219
linia 386 219 411 171
TG 366 32
RP 9KP 245 222 179
KW 245 222 179
LN 356 335 300 420
KP 70 130 180
KW 70 130 180
EL 301 180 100 190 1
RP 11
linia 346 335 361.500000 430
KP 255 235 205
KW 255 235 205
elipsa 271 120 80 80 1
KW 255 255 255
KP 255 255 255
elipsa 301 160 7 7 1
KW 255 255 255
KP 255 255 255
elipsa 326 140 6 6 1
KW 0 0 0
KP 0 0 0
elipsa 306 165 4 4 1
KP 0 0 0
KW 0 0 0
elipsa 331 145 3 3 1
KP 255 0 0
KW 255 0 0
elipsa 341 170 4 4 1
RP 8
linia 346 220 396 195
LN 396 195 411 124
ST
10 10
KP 240 128 128
KW 240 128 128
PR 0 300 600 200 1
RP 8KP 0 0 0
KW 0 0 0
LN 330 190 385 218
linia 385 218 410 170
TG 365 32
RP 9KP 245 222 179
KW 245 222 179
LN 355 335 300 421
KP 70 130 180
KW 70 130 180
EL 300 180 100 190 1
RP 11
linia 345 335 360.000000 429
KP 255 235 205
KW 255 235 205
elipsa 270 120 80 80 1
KW 255 255 255
KP 255 255 255
elipsa 300 160 7 7 1
KW 255 255 255
KP 255 255 255
elipsa 325 140 6 6 1
KW 0 0 0
KP 0 0 0
elipsa 305 165 4 4 1
KP 0 0 0
KW 0 0 0
elipsa 330 145 3 3 1
KP 255 0 0
KW 255 0 0
elipsa 340 170 5 5 1
RP 8
linia 345 220 395 195
LN 395 195 410 124
ST
11 10
KP 240 128 128
KW 240 128 128
PR 0 300 600 200 1
RP 8KP 0 0 0
KW 0 0 0
LN 329 190 384 218
linia 384 218 409 169
TG 364 32
RP 9KP 245 222 179
KW 245 222 179
LN 354 335 300 421
KP 70 130 180
KW 70 130 180
EL 299 180 100 190 1
RP 11
linia 344 335 358.500000 429
KP 255 235 205
KW 255 235 205
elipsa 269 120 80 80 1
KW 255 255 255
KP 255 255 255
elipsa 299 160 7 7 1
KW 255 255 255
KP 255 255 255
elipsa 324 140 6 6 1
KW 0 0 0
KP 0 0 0
elipsa 304 165 4 4 1
KP 0 0 0
KW 0 0 0
elipsa 329 145 3 3 1
KP 255 0 0
KW 255 0 0
elipsa 339 170 6 6 1
RP 8
linia 344 220 394 195
LN 394 195 409 124
ST
12 10
KP 240 128 128
KW 240 128 128
PR 0 300 600 200 1
RP 8KP 0 0 0
KW 0 0 0
LN 328 190 383 218
linia 383 218 408 168
TG 363 32
RP 9KP 245 222 179
KW 245 222 179
LN 353 335 300 421
KP 70 130 180
KW 70 130 180
EL 298 180 100 190 1
RP 11
linia 343 335 357.000000 429
KP 255 235 205
KW 255 235 205
elipsa 268 120 80 80 1
KW 255 255 255
KP 255 255 255
elipsa 298 160 7 7 1
KW 255 255 255
KP 255 255 255
elipsa 323 140 6 6 1
KW 0 0 0
KP 0 0 0
elipsa 303 165 4 4 1
KP 0 0 0
KW 0 0 0
elipsa 328 145 3 3 1
KP 255 0 0
KW 255 0 0
elipsa 338 170 4 4 1
RP 8
linia 343 220 393 195
LN 393 195 408 124
ST
13 10
KP 240 128 128
KW 240 128 128
PR 0 300 600 200 1
RP 8KP 0 0 0
KW 0 0 0
LN 327 190 382 218
linia 382 218 407 167
TG 362 32
RP 9KP 245 222 179
KW 245 222 179
LN 352 335 300 421
KP 70 130 180
KW 70 130 180
EL 297 180 100 190 1
RP 11
linia 342 335 355.500000 429
KP 255 235 205
KW 255 235 205
elipsa 267 120 80 80 1
KW 255 255 255
KP 255 255 255
elipsa 297 160 7 7 1
KW 255 255 255
KP 255 255 255
elipsa 322 140 6 6 1
KW 0 0 0
KP 0 0 0
elipsa 302 165 4 4 1
KP 0 0 0
KW 0 0 0
elipsa 327 145 3 3 1
KP 255 0 0
KW 255 0 0
elipsa 337 170 5 5 1
RP 8
linia 342 220 392 195
LN 392 195 407 124
ST
14 10
KP 240 128 128
KW 240 128 128
PR 0 300 600 200 1
RP 8KP 0 0 0
KW 0 0 0
LN 326 190 381 218
linia 381 218 406 166
TG 361 32
RP 9KP 245 222 179
KW 245 222 179
LN 351 335 300 421
KP 70 130 180
KW 70 130 180
EL 296 180 100 190 1
RP 11
linia 341 335 354.000000 429
KP 255 235 205
KW 255 235 205
elipsa 266 120 80 80 1
KW 255 255 255
KP 255 255 255
elipsa 296 160 7 7 1
KW 255 255 255
KP 255 255 255
elipsa 321 140 6 6 1
KW 0 0 0
KP 0 0 0
elipsa 301 165 4 4 1
KP 0 0 0
KW 0 0 0
elipsa 326 145 3 3 1
KP 255 0 0
KW 255 0 0
elipsa 336 170 6 6 1
RP 8
linia 341 220 391 195
LN 391 195 406 124
ST
15 10
KP 240 128 128
KW 240 128 128
PR 0 300 600 200 1
RP 8KP 0 0 0
KW 0 0 0
LN 325 190 380 217
linia 380 217 405 165
TG 360 32
RP 9KP 245 222 179
KW 245 222 179
LN 350 335 300 421
KP 70 130 180
KW 70 130 180
EL 295 180 100 190 1
RP 11
linia 340 335 352.500000 429
KP 255 235 205
KW 255 235 205
elipsa 265 120 80 80 1
KW 255 255 255
KP 255 255 255
elipsa 295 160 7 7 1
KW 255 255 255
KP 255 255 255
elipsa 320 140 6 6 1
KW 0 0 0
KP 0 0 0
elipsa 300 165 4 4 1
KP 0 0 0
KW 0 0 0
elipsa 325 145 3 3 1
KP 255 0 0
KW 255 0 0
elipsa 335 170 4 4 1
RP 8
linia 340 220 390 195
LN 390 195 405 124
ST
16 10
KP 240 128 128
KW 240 128 128
PR 0 300 600 200 1
RP 8KP 0 0 0
KW 0 0 0
LN 324 190 379 217
linia 379 217 404 164
TG 359 33
RP 9KP 245 222 179
KW 245 222 179
LN 349 335 300 421
KP 70 130 180
KW 70 130 180
EL 294 180 100 190 1
RP 11
linia 339 335 351.000000 429
KP 255 235 205
KW 255 235 205
elipsa 264 120 80 80 1
KW 255 255 255
KP 255 255 255
elipsa 294 160 7 7 1
KW 255 255 255
KP 255 255 255
elipsa 319 140 6 6 1
KW 0 0 0
KP 0 0 0
elipsa 299 165 4 4 1
KP 0 0 0
KW 0 0 0
elipsa 324 145 3 3 1
KP 255 0 0
KW 255 0 0
elipsa 334 170 5 5 1
RP 8
linia 339 220 389 195
LN 389 195 404 125
ST
17 10
KP 240 128 128
KW 240 128 128
PR 0 300 600 200 1
RP 8KP 0 0 0
KW 0 0 0
LN 323 190 378 217
linia 378 217 403 163
TG 358 33
RP 9KP 245 222 179
KW 245 222 179
LN 348 335 300 421
KP 70 130 180
KW 70 130 180
EL 293 180 100 190 1
RP 11
linia 338 335 349.500000 429
KP 255 235 205
KW 255 235 205
elipsa 263 120 80 80 1
KW 255 255 255
KP 255 255 255
elipsa 293 160 7 7 1
KW 255 255 255
KP 255 255 255
elipsa 318 140 6 6 1
KW 0 0 0
KP 0 0 0
elipsa 298 165 4 4 1
KP 0 0 0
KW 0 0 0
elipsa 323 145 3 3 1
KP 255 0 0
KW 255 0 0
elipsa 333 170 6 6 1
RP 8
linia 338 220 388 195
LN 388 195 403 125
ST
18 10
KP 240 128 128
KW 240 128 128
PR 0 300 600 200 1
RP 8KP 0 0 0
KW 0 0 0
LN 322 190 377 217
linia 377 217 402 162
TG 357 33
RP 9KP 245 222 179
KW 245 222 179
LN 347 335 300 421
KP 70 130 180
KW 70 130 180
EL 292 180 100 190 1
RP 11
linia 337 335 348.000000 429
KP 255 235 205
KW 255 235 205
elipsa 262 120 80 80 1
KW 255 255 255
KP 255 255 255
elipsa 292 160 7 7 1
KW 255 255 255
KP 255 255 255
elipsa 317 140 6 6 1
KW 0 0 0
KP 0 0 0
elipsa 297 165 4 4 1
KP 0 0 0
KW 0 0 0
elipsa 322 145 3 3 1
KP 255 0 0
KW 255 0 0
elipsa 332 170 4 4 1
RP 8
linia 337 220 387 195
LN 387 195 402 125
ST
19 10
KP 240 128 128
KW 240 128 128
PR 0 300 600 200 1
RP 8KP 0 0 0
KW 0 0 0
LN 321 190 376 217
linia 376 217 401 161
TG 356 33
RP 9KP 245 222 179
KW 245 222 179
LN 346 335 300 421
KP 70 130 180
KW 70 130 180
EL 291 180 100 190 1
RP 11
linia 336 335 346.500000 429
KP 255 235 205
KW 255 235 205
elipsa 261 120 80 80 1
KW 255 255 255
KP 255 255 255
elipsa 291 160 7 7 1
KW 255 255 255
KP 255 255 255
elipsa 316 140 6 6 1
KW 0 0 0
KP 0 0 0
elipsa 296 165 4 4 1
KP 0 0 0
KW 0 0 0
elipsa 321 145 3 3 1
KP 255 0 0
KW 255 0 0
elipsa 331 170 5 5 1
RP 8
linia 336 220 386 195
LN 386 195 401 125
ST
20 10
KP 240 128 128
KW 240 128 128
PR 0 300 600 200 1
RP 8KP 0 0 0
KW 0 0 0
LN 320 190 375 216
linia 375 216 400 160
TG 355 33
RP 9KP 245 222 179
KW 245 222 179
LN 345 335 299 422
KP 70 130 180
KW 70 130 180
EL 290 180 100 190 1
RP 11
linia 335 335 345.000000 428
KP 255 235 205
KW 255 235 205
elipsa 260 120 80 80 1
KW 255 255 255
KP 255 255 255
elipsa 290 160 7 7 1
KW 255 255 255
KP 255 255 255
elipsa 315 140 6 6 1
KW 0 0 0
KP 0 0 0
elipsa 295 165 4 4 1
KP 0 0 0
KW 0 0 0
elipsa 320 145 3 3 1
KP 255 0 0
KW 255 0 0
elipsa 330 170 6 6 1
RP 8
linia 335 220 385 196
LN 385 196 400 125
ST
21 10
KP 240 128 128
KW 240 128 128
PR 0 300 600 200 1
RP 8KP 0 0 0
KW 0 0 0
LN 319 190 374 216
linia 374 216 399 159
TG 354 33
RP 9KP 245 222 179
KW 245 222 179
LN 344 335 299 422
KP 70 130 180
KW 70 130 180
EL 289 180 100 190 1
RP 11
linia 334 335 343.500000 428
KP 255 235 205
KW 255 235 205
elipsa 259 120 80 80 1
KW 255 255 255
KP 255 255 255
elipsa 289 160 7 7 1
KW 255 255 255
KP 255 255 255
elipsa 314 140 6 6 1
KW 0 0 0
KP 0 0 0
elipsa 294 165 4 4 1
KP 0 0 0
KW 0 0 0
elipsa 319 145 3 3 1
KP 255 0 0
KW 255 0 0
elipsa 329 170 4 4 1
RP 8
linia 334 220 384 196
LN 384 196 399 125
ST
22 10
KP 240 128 128
KW 240 128 128
PR 0 300 600 200 1
RP 8KP 0 0 0
KW 0 0 0
LN 318 190 373 216
linia 373 216 398 158
TG 353 33
RP 9KP 245 222 179
KW 245 222 179
LN 343 335 299 422
KP 70 130 180
KW 70 130 180
EL 288 180 100 190 1
RP 11
linia 333 335 342.000000 428
KP 255 235 205
KW 255 235 205
elipsa 258 120 80 80 1
KW 255 255 255
KP 255 255 255
elipsa 288 160 7 7 1
KW 255 255 255
KP 255 255 255
elipsa 313 140 6 6 1
KW 0 0 0
KP 0 0 0
elipsa 293 165 4 4 1
KP 0 0 0
KW 0 0 0
elipsa 318 145 3 3 1
KP 255 0 0
KW 255 0 0
elipsa 328 170 5 5 1
RP 8
linia 333 220 383 196
LN 383 196 398 125
ST
23 10
KP 240 128 128
KW 240 128 128
PR 0 300 600 200 1
RP 8KP 0 0 0
KW 0 0 0
LN 317 190 372 216
linia 372 216 397 157
TG 352 33
RP 9KP 245 222 179
KW 245 222 179
LN 342 335 299 422
KP 70 130 180
KW 70 130 180
EL 287 180 100 190 1
RP 11
linia 332 335 340.500000 428
KP 255 235 205
KW 255 235 205
elipsa 257 120 80 80 1
KW 255 255 255
KP 255 255 255
elipsa 287 160 7 7 1
KW 255 255 255
KP 255 255 255
elipsa 312 140 6 6 1
KW 0 0 0
KP 0 0 0
elipsa 292 165 4 4 1
KP 0 0 0
KW 0 0 0
elipsa 317 145 3 3 1
KP 255 0 0
KW 255 0 0
elipsa 327 170 6 6 1
RP 8
linia 332 220 382 196
LN 382 196 397 125
ST
24 10
KP 240 128 128
KW 240 128 128
PR 0 300 600 200 1
RP 8KP 0 0 0
KW 0 0 0
LN 316 190 371 216
linia 371 216 396 156
TG 351 34
RP 9KP 245 222 179
KW 245 222 179
LN 341 335 299 422
KP 70 130 180
KW 70 130 180
EL 286 180 100 190 1
RP 11
linia 331 335 339.000000 428
KP 255 235 205
KW 255 235 205
elipsa 256 120 80 80 1
KW 255 255 255
KP 255 255 255
elipsa 286 160 7 7 1
KW 255 255 255
KP 255 255 255
elipsa 311 140 6 6 1
KW 0 0 0
KP 0 0 0
elipsa 291 165 4 4 1
KP 0 0 0
KW 0 0 0
elipsa 316 145 3 3 1
KP 255 0 0
KW 255 0 0
elipsa 326 170 4 4 1
RP 8
linia 331 220 381 196
LN 381 196 396 126
ST
25 10
KP 240 128 128
KW 240 128 128
PR 0 300 600 200 1
RP 8KP 0 0 0
KW 0 0 0
LN 315 190 370 215
linia 370 215 395 155
TG 350 34
RP 9KP 245 222 179
KW 245 222 179
LN 340 335 299 422
KP 70 130 180
KW 70 130 180
EL 285 180 100 190 1
RP 11
linia 330 335 337.500000 428
KP 255 235 205
KW 255 235 205
elipsa 255 120 80 80 1
KW 255 255 255
KP 255 255 255
elipsa 285 160 7 7 1
KW 255 255 255
KP 255 255 255
elipsa 310 140 6 6 1
KW 0 0 0
KP 0 0 0
elipsa 290 165 4 4 1
KP 0 0 0
KW 0 0 0
elipsa 315 145 3 3 1
KP 255 0 0
KW 255 0 0
elipsa 325 170 5 5 1
RP 8
linia 330 220 380 196
LN 380 196 395 126
ST
26 10
KP 240 128 128
KW 240 128 128
PR 0 300 600 200 1
RP 8KP 0 0 0
KW 0 0 0
LN 314 190 369 215
linia 369 215 394 154
TG 349 34
RP 9KP 245 222 179
KW 245 222 179
LN 339 335 299 422
KP 70 130 180
KW 70 130 180
EL 284 180 100 190 1
RP 11
linia 329 335 336.000000 428
KP 255 235 205
KW 255 235 205
elipsa 254 120 80 80 1
KW 255 255 255
KP 255 255 255
elipsa 284 160 7 7 1
KW 255 255 255
KP 255 255 255
elipsa 309 140 6 6 1
KW 0 0 0
KP 0 0 0
elipsa 289 165 4 4 1
KP 0 0 0
KW 0 0 0
elipsa 314 145 3 3 1
KP 255 0 0
KW 255 0 0
elipsa 324 170 6 6 1
RP 8
linia 329 220 379 196
LN 379 196 394 126
ST
27 10
KP 240 128 128
KW 240 128 128
PR 0 300 600 200 1
RP 8KP 0 0 0
KW 0 0 0
LN 313 190 368 215
linia 368 215 393 153
TG 348 34
RP 9KP 245 222 179
KW 245 222 179
LN 338 335 299 422
KP 70 130 180
KW 70 130 180
EL 283 180 100 190 1
RP 11
linia 328 335 334.500000 428
KP 255 235 205
KW 255 235 205
elipsa 253 120 80 80 1
KW 255 255 255
KP 255 255 255
elipsa 283 160 7 7 1
KW 255 255 255
KP 255 255 255
elipsa 308 140 6 6 1
KW 0 0 0
KP 0 0 0
elipsa 288 165 4 4 1
KP 0 0 0
KW 0 0 0
elipsa 313 145 3 3 1
KP 255 0 0
KW 255 0 0
elipsa 323 170 4 4 1
RP 8
linia 328 220 378 196
LN 378 196 393 126
ST
28 10
KP 240 128 128
KW 240 128 128
PR 0 300 600 200 1
RP 8KP 0 0 0
KW 0 0 0
LN 312 190 367 215
linia 367 215 392 152
TG 347 34
RP 9KP 245 222 179
KW 245 222 179
LN 337 335 299 422
KP 70 130 180
KW 70 130 180
EL 282 180 100 190 1
RP 11
linia 327 335 333.000000 428
KP 255 235 205
KW 255 235 205
elipsa 252 120 80 80 1
KW 255 255 255
KP 255 255 255
elipsa 282 160 7 7 1
KW 255 255 255
KP 255 255 255
elipsa 307 140 6 6 1
KW 0 0 0
KP 0 0 0
elipsa 287 165 4 4 1
KP 0 0 0
KW 0 0 0
elipsa 312 145 3 3 1
KP 255 0 0
KW 255 0 0
elipsa 322 170 5 5 1
RP 8
linia 327 220 377 196
LN 377 196 392 126
ST
29 10
KP 240 128 128
KW 240 128 128
PR 0 300 600 200 1
RP 8KP 0 0 0
KW 0 0 0
LN 311 190 366 215
linia 366 215 391 151
TG 346 34
RP 9KP 245 222 179
KW 245 222 179
LN 336 335 299 422
KP 70 130 180
KW 70 130 180
EL 281 180 100 190 1
RP 11
linia 326 335 331.500000 428
KP 255 235 205
KW 255 235 205
elipsa 251 120 80 80 1
KW 255 255 255
KP 255 255 255
elipsa 281 160 7 7 1
KW 255 255 255
KP 255 255 255
elipsa 306 140 6 6 1
KW 0 0 0
KP 0 0 0
elipsa 286 165 4 4 1
KP 0 0 0
KW 0 0 0
elipsa 311 145 3 3 1
KP 255 0 0
KW 255 0 0
elipsa 321 170 6 6 1
RP 8
linia 326 220 376 196
LN 376 196 391 126
ST
30 10
KP 240 128 128
KW 240 128 128
PR 0 300 600 200 1
RP 8KP 0 0 0
KW 0 0 0
LN 310 190 365 214
linia 365 214 390 150
TG 345 34
RP 9KP 245 222 179
KW 245 222 179
LN 335 335 299 423
KP 70 130 180
KW 70 130 180
EL 280 180 100 190 1
RP 11
linia 325 335 330.000000 427
KP 255 235 205
KW 255 235 205
elipsa 250 120 80 80 1
KW 255 255 255
KP 255 255 255
elipsa 280 160 7 7 1
KW 255 255 255
KP 255 255 255
elipsa 305 140 6 6 1
KW 0 0 0
KP 0 0 0
elipsa 285 165 4 4 1
KP 0 0 0
KW 0 0 0
elipsa 310 145 3 3 1
KP 255 0 0
KW 255 0 0
elipsa 320 170 4 4 1
RP 8
linia 325 220 375 196
LN 375 196 390 126
ST
31 10
KP 240 128 128
KW 240 128 128
PR 0 300 600 200 1
RP 8KP 0 0 0
KW 0 0 0
LN 309 190 364 214
linia 364 214 389 149
TG 344 34
RP 9KP 245 222 179
KW 245 222 179
LN 334 335 299 423
KP 70 130 180
KW 70 130 180
EL 279 180 100 190 1
RP 11
linia 324 335 328.500000 427
KP 255 235 205
KW 255 235 205
elipsa 249 120 80 80 1
KW 255 255 255
KP 255 255 255
elipsa 279 160 7 7 1
KW 255 255 255
KP 255 255 255
elipsa 304 140 6 6 1
KW 0 0 0
KP 0 0 0
elipsa 284 165 4 4 1
KP 0 0 0
KW 0 0 0
elipsa 309 145 3 3 1
KP 255 0 0
KW 255 0 0
elipsa 319 170 5 5 1
RP 8
linia 324 220 374 196
LN 374 196 389 126
ST
32 10
KP 240 128 128
KW 240 128 128
PR 0 300 600 200 1
RP 8KP 0 0 0
KW 0 0 0
LN 308 190 363 214
linia 363 214 388 148
TG 343 35
RP 9KP 245 222 179
KW 245 222 179
LN 333 335 299 423
KP 70 130 180
KW 70 130 180
EL 278 180 100 190 1
RP 11
linia 323 335 327.000000 427
KP 255 235 205
KW 255 235 205
elipsa 248 120 80 80 1
KW 255 255 255
KP 255 255 255
elipsa 278 160 7 7 1
KW 255 255 255
KP 255 255 255
elipsa 303 140 6 6 1
KW 0 0 0
KP 0 0 0
elipsa 283 165 4 4 1
KP 0 0 0
KW 0 0 0
elipsa 308 145 3 3 1
KP 255 0 0
KW 255 0 0
elipsa 318 170 6 6 1
RP 8
linia 323 220 373 196
LN 373 196 388 127
ST
33 10
KP 240 128 128
KW 240 128 128
PR 0 300 600 200 1
RP 8KP 0 0 0
KW 0 0 0
LN 307 190 362 214
linia 362 214 387 147
TG 342 35
RP 9KP 245 222 179
KW 245 222 179
LN 332 335 299 423
KP 70 130 180
KW 70 130 180
EL 277 180 100 190 1
RP 11
linia 322 335 325.500000 427
KP 255 235 205
KW 255 235 205
elipsa 247 120 80 80 1
KW 255 255 255
KP 255 255 255
elipsa 277 160 7 7 1
KW 255 255 255
KP 255 255 255
elipsa 302 140 6 6 1
KW 0 0 0
KP 0 0 0
elipsa 282 165 4 4 1
KP 0 0 0
KW 0 0 0
elipsa 307 145 3 3 1
KP 255 0 0
KW 255 0 0
elipsa 317 170 4 4 1
RP 8
linia 322 220 372 196
LN 372 196 387 127
ST
34 10
KP 240 128 128
KW 240 128 128
PR 0 300 600 200 1
RP 8KP 0 0 0
KW 0 0 0
LN 306 190 361 214
linia 361 214 386 146
TG 341 35
RP 9KP 245 222 179
KW 245 222 179
LN 331 335 299 423
KP 70 130 180
KW 70 130 180
EL 276 180 100 190 1
RP 11
linia 321 335 324.000000 427
KP 255 235 205
KW 255 235 205
elipsa 246 120 80 80 1
KW 255 255 255
KP 255 255 255
elipsa 276 160 7 7 1
KW 255 255 255
KP 255 255 255
elipsa 301 140 6 6 1
KW 0 0 0
KP 0 0 0
elipsa 281 165 4 4 1
KP 0 0 0
KW 0 0 0
elipsa 306 145 3 3 1
KP 255 0 0
KW 255 0 0
elipsa 316 170 5 5 1
RP 8
linia 321 220 371 196
LN 371 196 386 127
ST
35 10
KP 240 128 128
KW 240 128 128
PR 0 300 600 200 1
RP 8KP 0 0 0
KW 0 0 0
LN 305 190 360 213
linia 360 213 385 145
TG 340 35
RP 9KP 245 222 179
KW 245 222 179
LN 330 335 299 423
KP 70 130 180
KW 70 130 180
EL 275 180 100 190 1
RP 11
linia 320 335 322.500000 427
KP 255 235 205
KW 255 235 205
elipsa 245 120 80 80 1
KW 255 255 255
KP 255 255 255
elipsa 275 160 7 7 1
KW 255 255 255
KP 255 255 255
elipsa 300 140 6 6 1
KW 0 0 0
KP 0 0 0
elipsa 280 165 4 4 1
KP 0 0 0
KW 0 0 0
elipsa 305 145 3 3 1
KP 255 0 0
KW 255 0 0
elipsa 315 170 6 6 1
RP 8
linia 320 220 370 196
LN 370 196 385 127
ST
36 10
KP 240 128 128
KW 240 128 128
PR 0 300 600 200 1
RP 8KP 0 0 0
KW 0 0 0
LN 304 190 359 213
linia 359 213 384 144
TG 339 35
RP 9KP 245 222 179
KW 245 222 179
LN 329 335 299 423
KP 70 130 180
KW 70 130 180
EL 274 180 100 190 1
RP 11
linia 319 335 321.000000 427
KP 255 235 205
KW 255 235 205
elipsa 244 120 80 80 1
KW 255 255 255
KP 255 255 255
elipsa 274 160 7 7 1
KW 255 255 255
KP 255 255 255
elipsa 299 140 6 6 1
KW 0 0 0
KP 0 0 0
elipsa 279 165 4 4 1
KP 0 0 0
KW 0 0 0
elipsa 304 145 3 3 1
KP 255 0 0
KW 255 0 0
elipsa 314 170 4 4 1
RP 8
linia 319 220 369 196
LN 369 196 384 127
ST
37 10
KP 240 128 128
KW 240 128 128
PR 0 300 600 200 1
RP 8KP 0 0 0
KW 0 0 0
LN 303 190 358 213
linia 358 213 383 143
TG 338 35
RP 9KP 245 222 179
KW 245 222 179
LN 328 335 299 423
KP 70 130 180
KW 70 130 180
EL 273 180 100 190 1
RP 11
linia 318 335 319.500000 427
KP 255 235 205
KW 255 235 205
elipsa 243 120 80 80 1
KW 255 255 255
KP 255 255 255
elipsa 273 160 7 7 1
KW 255 255 255
KP 255 255 255
elipsa 298 140 6 6 1
KW 0 0 0
KP 0 0 0
elipsa 278 165 4 4 1
KP 0 0 0
KW 0 0 0
elipsa 303 145 3 3 1
KP 255 0 0
KW 255 0 0
elipsa 313 170 5 5 1
RP 8
linia 318 220 368 196
LN 368 196 383 127
ST
38 10
KP 240 128 128
KW 240 128 128
PR 0 300 600 200 1
RP 8KP 0 0 0
KW 0 0 0
LN 302 190 357 213
linia 357 213 382 142
TG 337 35
RP 9KP 245 222 179
KW 245 222 179
LN 327 335 299 423
KP 70 130 180
KW 70 130 180
EL 272 180 100 190 1
RP 11
linia 317 335 318.000000 427
KP 255 235 205
KW 255 235 205
elipsa 242 120 80 80 1
KW 255 255 255
KP 255 255 255
elipsa 272 160 7 7 1
KW 255 255 255
KP 255 255 255
elipsa 297 140 6 6 1
KW 0 0 0
KP 0 0 0
elipsa 277 165 4 4 1
KP 0 0 0
KW 0 0 0
elipsa 302 145 3 3 1
KP 255 0 0
KW 255 0 0
elipsa 312 170 6 6 1
RP 8
linia 317 220 367 196
LN 367 196 382 127
ST
39 10
KP 240 128 128
KW 240 128 128
PR 0 300 600 200 1
RP 8KP 0 0 0
KW 0 0 0
LN 301 190 356 213
linia 356 213 381 141
TG 336 35
RP 9KP 245 222 179
KW 245 222 179
LN 326 335 299 423
KP 70 130 180
KW 70 130 180
EL 271 180 100 190 1
RP 11
linia 316 335 316.500000 427
KP 255 235 205
KW 255 235 205
elipsa 241 120 80 80 1
KW 255 255 255
KP 255 255 255
elipsa 271 160 7 7 1
KW 255 255 255
KP 255 255 255
elipsa 296 140 6 6 1
KW 0 0 0
KP 0 0 0
elipsa 276 165 4 4 1
KP 0 0 0
KW 0 0 0
elipsa 301 145 3 3 1
KP 255 0 0
KW 255 0 0
elipsa 311 170 4 4 1
RP 8
linia 316 220 366 196
LN 366 196 381 127
ST
40 10
KP 240 128 128
KW 240 128 128
PR 0 300 600 200 1
RP 8KP 0 0 0
KW 0 0 0
LN 300 190 355 212
linia 355 212 380 140
TG 335 36
RP 9KP 245 222 179
KW 245 222 179
LN 325 335 298 424
KP 70 130 180
KW 70 130 180
EL 270 180 100 190 1
RP 11
linia 315 335 315.000000 426
KP 255 235 205
KW 255 235 205
elipsa 240 120 80 80 1
KW 255 255 255
KP 255 255 255
elipsa 270 160 7 7 1
KW 255 255 255
KP 255 255 255
elipsa 295 140 6 6 1
KW 0 0 0
KP 0 0 0
elipsa 275 165 4 4 1
KP 0 0 0
KW 0 0 0
elipsa 300 145 3 3 1
KP 255 0 0
KW 255 0 0
elipsa 310 170 5 5 1
RP 8
linia 315 220 365 197
LN 365 197 380 128
ST
41 10
KP 240 128 128
KW 240 128 128
PR 0 300 600 200 1
RP 8KP 0 0 0
KW 0 0 0
LN 299 190 354 212
linia 354 212 379 139
TG 334 36
RP 9KP 245 222 179
KW 245 222 179
LN 324 335 298 424
KP 70 130 180
KW 70 130 180
EL 269 180 100 190 1
RP 11
linia 314 335 313.500000 426
KP 255 235 205
KW 255 235 205
elipsa 239 120 80 80 1
KW 255 255 255
KP 255 255 255
elipsa 269 160 7 7 1
KW 255 255 255
KP 255 255 255
elipsa 294 140 6 6 1
KW 0 0 0
KP 0 0 0
elipsa 274 165 4 4 1
KP 0 0 0
KW 0 0 0
elipsa 299 145 3 3 1
KP 255 0 0
KW 255 0 0
elipsa 309 170 6 6 1
RP 8
linia 314 220 364 197
LN 364 197 379 128
ST
42 10
KP 240 128 128
KW 240 128 128
PR 0 300 600 200 1
RP 8KP 0 0 0
KW 0 0 0
LN 298 190 353 212
linia 353 212 378 138
TG 333 36
RP 9KP 245 222 179
KW 245 222 179
LN 323 335 298 424
KP 70 130 180
KW 70 130 180
EL 268 180 100 190 1
RP 11
linia 313 335 312.000000 426
KP 255 235 205
KW 255 235 205
elipsa 238 120 80 80 1
KW 255 255 255
KP 255 255 255
elipsa 268 160 7 7 1
KW 255 255 255
KP 255 255 255
elipsa 293 140 6 6 1
KW 0 0 0
KP 0 0 0
elipsa 273 165 4 4 1
KP 0 0 0
KW 0 0 0
elipsa 298 145 3 3 1
KP 255 0 0
KW 255 0 0
elipsa 308 170 4 4 1
RP 8
linia 313 220 363 197
LN 363 197 378 128
ST
43 10
KP 240 128 128
KW 240 128 128
PR 0 300 600 200 1
RP 8KP 0 0 0
KW 0 0 0
LN 297 190 352 212
linia 352 212 377 137
TG 332 36
RP 9KP 245 222 179
KW 245 222 179
LN 322 335 298 424
KP 70 130 180
KW 70 130 180
EL 267 180 100 190 1
RP 11
linia 312 335 310.500000 426
KP 255 235 205
KW 255 235 205
elipsa 237 120 80 80 1
KW 255 255 255
KP 255 255 255
elipsa 267 160 7 7 1
KW 255 255 255
KP 255 255 255
elipsa 292 140 6 6 1
KW 0 0 0
KP 0 0 0
elipsa 272 165 4 4 1
KP 0 0 0
KW 0 0 0
elipsa 297 145 3 3 1
KP 255 0 0
KW 255 0 0
elipsa 307 170 5 5 1
RP 8
linia 312 220 362 197
LN 362 197 377 128
ST
44 10
KP 240 128 128
KW 240 128 128
PR 0 300 600 200 1
RP 8KP 0 0 0
KW 0 0 0
LN 296 190 351 212
linia 351 212 376 136
TG 331 36
RP 9KP 245 222 179
KW 245 222 179
LN 321 335 298 424
KP 70 130 180
KW 70 130 180
EL 266 180 100 190 1
RP 11
linia 311 335 309.000000 426
KP 255 235 205
KW 255 235 205
elipsa 236 120 80 80 1
KW 255 255 255
KP 255 255 255
elipsa 266 160 7 7 1
KW 255 255 255
KP 255 255 255
elipsa 291 140 6 6 1
KW 0 0 0
KP 0 0 0
elipsa 271 165 4 4 1
KP 0 0 0
KW 0 0 0
elipsa 296 145 3 3 1
KP 255 0 0
KW 255 0 0
elipsa 306 170 6 6 1
RP 8
linia 311 220 361 197
LN 361 197 376 128
ST
45 10
KP 240 128 128
KW 240 128 128
PR 0 300 600 200 1
RP 8KP 0 0 0
KW 0 0 0
LN 295 190 350 211
linia 350 211 375 135
TG 330 36
RP 9KP 245 222 179
KW 245 222 179
LN 320 335 298 424
KP 70 130 180
KW 70 130 180
EL 265 180 100 190 1
RP 11
linia 310 335 307.500000 426
KP 255 235 205
KW 255 235 205
elipsa 235 120 80 80 1
KW 255 255 255
KP 255 255 255
elipsa 265 160 7 7 1
KW 255 255 255
KP 255 255 255
elipsa 290 140 6 6 1
KW 0 0 0
KP 0 0 0
elipsa 270 165 4 4 1
KP 0 0 0
KW 0 0 0
elipsa 295 145 3 3 1
KP 255 0 0
KW 255 0 0
elipsa 305 170 4 4 1
RP 8
linia 310 220 360 197
LN 360 197 375 128
ST
46 10
KP 240 128 128
KW 240 128 128
PR 0 300 600 200 1
RP 8KP 0 0 0
KW 0 0 0
LN 294 190 349 211
linia 349 211 374 134
TG 329 36
RP 9KP 245 222 179
KW 245 222 179
LN 319 335 298 424
KP 70 130 180
KW 70 130 180
EL 264 180 100 190 1
RP 11
linia 309 335 306.000000 426
KP 255 235 205
KW 255 235 205
elipsa 234 120 80 80 1
KW 255 255 255
KP 255 255 255
elipsa 264 160 7 7 1
KW 255 255 255
KP 255 255 255
elipsa 289 140 6 6 1
KW 0 0 0
KP 0 0 0
elipsa 269 165 4 4 1
KP 0 0 0
KW 0 0 0
elipsa 294 145 3 3 1
KP 255 0 0
KW 255 0 0
elipsa 304 170 5 5 1
RP 8
linia 309 220 359 197
LN 359 197 374 128
ST
47 10
KP 240 128 128
KW 240 128 128
PR 0 300 600 200 1
RP 8KP 0 0 0
KW 0 0 0
LN 293 190 348 211
linia 348 211 373 133
TG 328 36
RP 9KP 245 222 179
KW 245 222 179
LN 318 335 298 424
KP 70 130 180
KW 70 130 180
EL 263 180 100 190 1
RP 11
linia 308 335 304.500000 426
KP 255 235 205
KW 255 235 205
elipsa 233 120 80 80 1
KW 255 255 255
KP 255 255 255
elipsa 263 160 7 7 1
KW 255 255 255
KP 255 255 255
elipsa 288 140 6 6 1
KW 0 0 0
KP 0 0 0
elipsa 268 165 4 4 1
KP 0 0 0
KW 0 0 0
elipsa 293 145 3 3 1
KP 255 0 0
KW 255 0 0
elipsa 303 170 6 6 1
RP 8
linia 308 220 358 197
LN 358 197 373 128
ST
48 10
KP 240 128 128
KW 240 128 128
PR 0 300 600 200 1
RP 8KP 0 0 0
KW 0 0 0
LN 292 190 347 211
linia 347 211 372 132
TG 327 37
RP 9KP 245 222 179
KW 245 222 179
LN 317 335 298 424
KP 70 130 180
KW 70 130 180
EL 262 180 100 190 1
RP 11
linia 307 335 303.000000 426
KP 255 235 205
KW 255 235 205
elipsa 232 120 80 80 1
KW 255 255 255
KP 255 255 255
elipsa 262 160 7 7 1
KW 255 255 255
KP 255 255 255
elipsa 287 140 6 6 1
KW 0 0 0
KP 0 0 0
elipsa 267 165 4 4 1
KP 0 0 0
KW 0 0 0
elipsa 292 145 3 3 1
KP 255 0 0
KW 255 0 0
elipsa 302 170 4 4 1
RP 8
linia 307 220 357 197
LN 357 197 372 129
ST
49 10
KP 240 128 128
KW 240 128 128
PR 0 300 600 200 1
RP 8KP 0 0 0
KW 0 0 0
LN 291 190 346 211
linia 346 211 371 131
TG 326 37
RP 9KP 245 222 179
KW 245 222 179
LN 316 335 298 424
KP 70 130 180
KW 70 130 180
EL 261 180 100 190 1
RP 11
linia 306 335 301.500000 426
KP 255 235 205
KW 255 235 205
elipsa 231 120 80 80 1
KW 255 255 255
KP 255 255 255
elipsa 261 160 7 7 1
KW 255 255 255
KP 255 255 255
elipsa 286 140 6 6 1
KW 0 0 0
KP 0 0 0
elipsa 266 165 4 4 1
KP 0 0 0
KW 0 0 0
elipsa 291 145 3 3 1
KP 255 0 0
KW 255 0 0
elipsa 301 170 5 5 1
RP 8
linia 306 220 356 197
LN 356 197 371 129
ST
50 10
KP 240 128 128
KW 240 128 128
PR 0 300 600 200 1
RP 8KP 0 0 0
KW 0 0 0
LN 290 190 345 210
linia 345 210 370 130
TG 325 37
RP 9KP 245 222 179
KW 245 222 179
LN 315 335 298 425
KP 70 130 180
KW 70 130 180
EL 260 180 100 190 1
RP 11
linia 305 335 300.000000 425
KP 255 235 205
KW 255 235 205
elipsa 230 120 80 80 1
KW 255 255 255
KP 255 255 255
elipsa 260 160 7 7 1
KW 255 255 255
KP 255 255 255
elipsa 285 140 6 6 1
KW 0 0 0
KP 0 0 0
elipsa 265 165 4 4 1
KP 0 0 0
KW 0 0 0
elipsa 290 145 3 3 1
KP 255 0 0
KW 255 0 0
elipsa 300 170 6 6 1
RP 8
linia 305 220 355 197
LN 355 197 370 129
ST
51 10
KP 240 128 128
KW 240 128 128
PR 0 300 600 200 1
RP 8KP 0 0 0
KW 0 0 0
LN 289 190 344 210
linia 344 210 369 129
TG 324 37
RP 9KP 245 222 179
KW 245 222 179
LN 314 335 298 425
KP 70 130 180
KW 70 130 180
EL 259 180 100 190 1
RP 11
linia 304 335 298.500000 425
KP 255 235 205
KW 255 235 205
elipsa 229 120 80 80 1
KW 255 255 255
KP 255 255 255
elipsa 259 160 7 7 1
KW 255 255 255
KP 255 255 255
elipsa 284 140 6 6 1
KW 0 0 0
KP 0 0 0
elipsa 264 165 4 4 1
KP 0 0 0
KW 0 0 0
elipsa 289 145 3 3 1
KP 255 0 0
KW 255 0 0
elipsa 299 170 4 4 1
RP 8
linia 304 220 354 197
LN 354 197 369 129
ST
52 10
KP 240 128 128
KW 240 128 128
PR 0 300 600 200 1
RP 8KP 0 0 0
KW 0 0 0
LN 288 190 343 210
linia 343 210 368 128
TG 323 37
RP 9KP 245 222 179
KW 245 222 179
LN 313 335 298 425
KP 70 130 180
KW 70 130 180
EL 258 180 100 190 1
RP 11
linia 303 335 297.000000 425
KP 255 235 205
KW 255 235 205
elipsa 228 120 80 80 1
KW 255 255 255
KP 255 255 255
elipsa 258 160 7 7 1
KW 255 255 255
KP 255 255 255
elipsa 283 140 6 6 1
KW 0 0 0
KP 0 0 0
elipsa 263 165 4 4 1
KP 0 0 0
KW 0 0 0
elipsa 288 145 3 3 1
KP 255 0 0
KW 255 0 0
elipsa 298 170 5 5 1
RP 8
linia 303 220 353 197
LN 353 197 368 129
ST
53 10
KP 240 128 128
KW 240 128 128
PR 0 300 600 200 1
RP 8KP 0 0 0
KW 0 0 0
LN 287 190 342 210
linia 342 210 367 127
TG 322 37
RP 9KP 245 222 179
KW 245 222 179
LN 312 335 298 425
KP 70 130 180
KW 70 130 180
EL 257 180 100 190 1
RP 11
linia 302 335 295.500000 425
KP 255 235 205
KW 255 235 205
elipsa 227 120 80 80 1
KW 255 255 255
KP 255 255 255
elipsa 257 160 7 7 1
KW 255 255 255
KP 255 255 255
elipsa 282 140 6 6 1
KW 0 0 0
KP 0 0 0
elipsa 262 165 4 4 1
KP 0 0 0
KW 0 0 0
elipsa 287 145 3 3 1
KP 255 0 0
KW 255 0 0
elipsa 297 170 6 6 1
RP 8
linia 302 220 352 197
LN 352 197 367 129
ST
54 10
KP 240 128 128
KW 240 128 128
PR 0 300 600 200 1
RP 8KP 0 0 0
KW 0 0 0
LN 286 190 341 210
linia 341 210 366 126
TG 321 37
RP 9KP 245 222 179
KW 245 222 179
LN 311 335 298 425
KP 70 130 180
KW 70 130 180
EL 256 180 100 190 1
RP 11
linia 301 335 294.000000 425
KP 255 235 205
KW 255 235 205
elipsa 226 120 80 80 1
KW 255 255 255
KP 255 255 255
elipsa 256 160 7 7 1
KW 255 255 255
KP 255 255 255
elipsa 281 140 6 6 1
KW 0 0 0
KP 0 0 0
elipsa 261 165 4 4 1
KP 0 0 0
KW 0 0 0
elipsa 286 145 3 3 1
KP 255 0 0
KW 255 0 0
elipsa 296 170 4 4 1
RP 8
linia 301 220 351 197
LN 351 197 366 129
ST
55 10
KP 240 128 128
KW 240 128 128
PR 0 300 600 200 1
RP 8KP 0 0 0
KW 0 0 0
LN 285 190 340 209
linia 340 209 365 125
TG 320 37
RP 9KP 245 222 179
KW 245 222 179
LN 310 335 298 425
KP 70 130 180
KW 70 130 180
EL 255 180 100 190 1
RP 11
linia 300 335 292.500000 425
KP 255 235 205
KW 255 235 205
elipsa 225 120 80 80 1
KW 255 255 255
KP 255 255 255
elipsa 255 160 7 7 1
KW 255 255 255
KP 255 255 255
elipsa 280 140 6 6 1
KW 0 0 0
KP 0 0 0
elipsa 260 165 4 4 1
KP 0 0 0
KW 0 0 0
elipsa 285 145 3 3 1
KP 255 0 0
KW 255 0 0
elipsa 295 170 5 5 1
RP 8
linia 300 220 350 197
LN 350 197 365 129
ST
56 10
KP 240 128 128
KW 240 128 128
PR 0 300 600 200 1
RP 8KP 0 0 0
KW 0 0 0
LN 284 190 339 209
linia 339 209 364 124
TG 319 38
RP 9KP 245 222 179
KW 245 222 179
LN 309 335 298 425
KP 70 130 180
KW 70 130 180
EL 254 180 100 190 1
RP 11
linia 299 335 291.000000 425
KP 255 235 205
KW 255 235 205
elipsa 224 120 80 80 1
KW 255 255 255
KP 255 255 255
elipsa 254 160 7 7 1
KW 255 255 255
KP 255 255 255
elipsa 279 140 6 6 1
KW 0 0 0
KP 0 0 0
elipsa 259 165 4 4 1
KP 0 0 0
KW 0 0 0
elipsa 284 145 3 3 1
KP 255 0 0
KW 255 0 0
elipsa 294 170 6 6 1
RP 8
linia 299 220 349 197
LN 349 197 364 130
ST
57 10
KP 240 128 128
KW 240 128 128
PR 0 300 600 200 1
RP 8KP 0 0 0
KW 0 0 0
LN 283 190 338 209
linia 338 209 363 123
TG 318 38
RP 9KP 245 222 179
KW 245 222 179
LN 308 335 298 425
KP 70 130 180
KW 70 130 180
EL 253 180 100 190 1
RP 11
linia 298 335 289.500000 425
KP 255 235 205
KW 255 235 205
elipsa 223 120 80 80 1
KW 255 255 255
KP 255 255 255
elipsa 253 160 7 7 1
KW 255 255 255
KP 255 255 255
elipsa 278 140 6 6 1
KW 0 0 0
KP 0 0 0
elipsa 258 165 4 4 1
KP 0 0 0
KW 0 0 0
elipsa 283 145 3 3 1
KP 255 0 0
KW 255 0 0
elipsa 293 170 4 4 1
RP 8
linia 298 220 348 197
LN 348 197 363 130
ST
58 10
KP 240 128 128
KW 240 128 128
PR 0 300 600 200 1
RP 8KP 0 0 0
KW 0 0 0
LN 282 190 337 209
linia 337 209 362 122
TG 317 38
RP 9KP 245 222 179
KW 245 222 179
LN 307 335 298 425
KP 70 130 180
KW 70 130 180
EL 252 180 100 190 1
RP 11
linia 297 335 288.000000 425
KP 255 235 205
KW 255 235 205
elipsa 222 120 80 80 1
KW 255 255 255
KP 255 255 255
elipsa 252 160 7 7 1
KW 255 255 255
KP 255 255 255
elipsa 277 140 6 6 1
KW 0 0 0
KP 0 0 0
elipsa 257 165 4 4 1
KP 0 0 0
KW 0 0 0
elipsa 282 145 3 3 1
KP 255 0 0
KW 255 0 0
elipsa 292 170 5 5 1
RP 8
linia 297 220 347 197
LN 347 197 362 130
ST
59 10
KP 240 128 128
KW 240 128 128
PR 0 300 600 200 1
RP 8KP 0 0 0
KW 0 0 0
LN 281 190 336 209
linia 336 209 361 121
TG 316 38
RP 9KP 245 222 179
KW 245 222 179
LN 306 335 298 425
KP 70 130 180
KW 70 130 180
EL 251 180 100 190 1
RP 11
linia 296 335 286.500000 425
KP 255 235 205
KW 255 235 205
elipsa 221 120 80 80 1
KW 255 255 255
KP 255 255 255
elipsa 251 160 7 7 1
KW 255 255 255
KP 255 255 255
elipsa 276 140 6 6 1
KW 0 0 0
KP 0 0 0
elipsa 256 165 4 4 1
KP 0 0 0
KW 0 0 0
elipsa 281 145 3 3 1
KP 255 0 0
KW 255 0 0
elipsa 291 170 6 6 1
RP 8
linia 296 220 346 197
LN 346 197 361 130
ST
60 10
KP 240 128 128
KW 240 128 128
PR 0 300 600 200 1
RP 8KP 0 0 0
KW 0 0 0
LN 280 190 335 208
linia 335 208 360 120
TG 315 38
RP 9KP 245 222 179
KW 245 222 179
LN 305 335 297 426
KP 70 130 180
KW 70 130 180
EL 250 180 100 190 1
RP 11
linia 295 335 285.000000 424
KP 255 235 205
KW 255 235 205
elipsa 220 120 80 80 1
KW 255 255 255
KP 255 255 255
elipsa 250 160 7 7 1
KW 255 255 255
KP 255 255 255
elipsa 275 140 6 6 1
KW 0 0 0
KP 0 0 0
elipsa 255 165 4 4 1
KP 0 0 0
KW 0 0 0
elipsa 280 145 3 3 1
KP 255 0 0
KW 255 0 0
elipsa 290 170 4 4 1
RP 8
linia 295 220 345 198
LN 345 198 360 130
ST
61 10
KP 240 128 128
KW 240 128 128
PR 0 300 600 200 1
RP 8KP 0 0 0
KW 0 0 0
LN 279 190 334 208
linia 334 208 359 119
TG 314 38
RP 9KP 245 222 179
KW 245 222 179
LN 304 335 297 426
KP 70 130 180
KW 70 130 180
EL 249 180 100 190 1
RP 11
linia 294 335 283.500000 424
KP 255 235 205
KW 255 235 205
elipsa 219 120 80 80 1
KW 255 255 255
KP 255 255 255
elipsa 249 160 7 7 1
KW 255 255 255
KP 255 255 255
elipsa 274 140 6 6 1
KW 0 0 0
KP 0 0 0
elipsa 254 165 4 4 1
KP 0 0 0
KW 0 0 0
elipsa 279 145 3 3 1
KP 255 0 0
KW 255 0 0
elipsa 289 170 5 5 1
RP 8
linia 294 220 344 198
LN 344 198 359 130
ST
62 10
KP 240 128 128
KW 240 128 128
PR 0 300 600 200 1
RP 8KP 0 0 0
KW 0 0 0
LN 278 190 333 208
linia 333 208 358 118
TG 313 38
RP 9KP 245 222 179
KW 245 222 179
LN 303 335 297 426
KP 70 130 180
KW 70 130 180
EL 248 180 100 190 1
RP 11
linia 293 335 282.000000 424
KP 255 235 205
KW 255 235 205
elipsa 218 120 80 80 1
KW 255 255 255
KP 255 255 255
elipsa 248 160 7 7 1
KW 255 255 255
KP 255 255 255
elipsa 273 140 6 6 1
KW 0 0 0
KP 0 0 0
elipsa 253 165 4 4 1
KP 0 0 0
KW 0 0 0
elipsa 278 145 3 3 1
KP 255 0 0
KW 255 0 0
elipsa 288 170 6 6 1
RP 8
linia 293 220 343 198
LN 343 198 358 130
ST
63 10
KP 240 128 128
KW 240 128 128
PR 0 300 600 200 1
RP 8KP 0 0 0
KW 0 0 0
LN 277 190 332 208
linia 332 208 357 117
TG 312 38
RP 9KP 245 222 179
KW 245 222 179
LN 302 335 297 426
KP 70 130 180
KW 70 130 180
EL 247 180 100 190 1
RP 11
linia 292 335 280.500000 424
KP 255 235 205
KW 255 235 205
elipsa 217 120 80 80 1
KW 255 255 255
KP 255 255 255
elipsa 247 160 7 7 1
KW 255 255 255
KP 255 255 255
elipsa 272 140 6 6 1
KW 0 0 0
KP 0 0 0
elipsa 252 165 4 4 1
KP 0 0 0
KW 0 0 0
elipsa 277 145 3 3 1
KP 255 0 0
KW 255 0 0
elipsa 287 170 4 4 1
RP 8
linia 292 220 342 198
LN 342 198 357 130
ST
64 10
KP 240 128 128
KW 240 128 128
PR 0 300 600 200 1
RP 8KP 0 0 0
KW 0 0 0
LN 276 190 331 208
linia 331 208 356 116
TG 311 39
RP 9KP 245 222 179
KW 245 222 179
LN 301 335 297 426
KP 70 130 180
KW 70 130 180
EL 246 180 100 190 1
RP 11
linia 291 335 279.000000 424
KP 255 235 205
KW 255 235 205
elipsa 216 120 80 80 1
KW 255 255 255
KP 255 255 255
elipsa 246 160 7 7 1
KW 255 255 255
KP 255 255 255
elipsa 271 140 6 6 1
KW 0 0 0
KP 0 0 0
elipsa 251 165 4 4 1
KP 0 0 0
KW 0 0 0
elipsa 276 145 3 3 1
KP 255 0 0
KW 255 0 0
elipsa 286 170 5 5 1
RP 8
linia 291 220 341 198
LN 341 198 356 131
ST
65 10
KP 240 128 128
KW 240 128 128
PR 0 300 600 200 1
RP 8KP 0 0 0
KW 0 0 0
LN 275 190 330 207
linia 330 207 355 115
TG 310 39
RP 9KP 245 222 179
KW 245 222 179
LN 300 335 297 426
KP 70 130 180
KW 70 130 180
EL 245 180 100 190 1
RP 11
linia 290 335 277.500000 424
KP 255 235 205
KW 255 235 205
elipsa 215 120 80 80 1
KW 255 255 255
KP 255 255 255
elipsa 245 160 7 7 1
KW 255 255 255
KP 255 255 255
elipsa 270 140 6 6 1
KW 0 0 0
KP 0 0 0
elipsa 250 165 4 4 1
KP 0 0 0
KW 0 0 0
elipsa 275 145 3 3 1
KP 255 0 0
KW 255 0 0
elipsa 285 170 6 6 1
RP 8
linia 290 220 340 198
LN 340 198 355 131
ST
66 10
KP 240 128 128
KW 240 128 128
PR 0 300 600 200 1
RP 8KP 0 0 0
KW 0 0 0
LN 274 190 329 207
linia 329 207 354 114
TG 309 39
RP 9KP 245 222 179
KW 245 222 179
LN 299 335 297 426
KP 70 130 180
KW 70 130 180
EL 244 180 100 190 1
RP 11
linia 289 335 276.000000 424
KP 255 235 205
KW 255 235 205
elipsa 214 120 80 80 1
KW 255 255 255
KP 255 255 255
elipsa 244 160 7 7 1
KW 255 255 255
KP 255 255 255
elipsa 269 140 6 6 1
KW 0 0 0
KP 0 0 0
elipsa 249 165 4 4 1
KP 0 0 0
KW 0 0 0
elipsa 274 145 3 3 1
KP 255 0 0
KW 255 0 0
elipsa 284 170 4 4 1
RP 8
linia 289 220 339 198
LN 339 198 354 131
ST
67 10
KP 240 128 128
KW 240 128 128
PR 0 300 600 200 1
RP 8KP 0 0 0
KW 0 0 0
LN 273 190 328 207
linia 328 207 353 113
TG 308 39
RP 9KP 245 222 179
KW 245 222 179
LN 298 335 297 426
KP 70 130 180
KW 70 130 180
EL 243 180 100 190 1
RP 11
linia 288 335 274.500000 424
KP 255 235 205
KW 255 235 205
elipsa 213 120 80 80 1
KW 255 255 255
KP 255 255 255
elipsa 243 160 7 7 1
KW 255 255 255
KP 255 255 255
elipsa 268 140 6 6 1
KW 0 0 0
KP 0 0 0
elipsa 248 165 4 4 1
KP 0 0 0
KW 0 0 0
elipsa 273 145 3 3 1
KP 255 0 0
KW 255 0 0
elipsa 283 170 5 5 1
RP 8
linia 288 220 338 198
LN 338 198 353 131
ST
68 10
KP 240 128 128
KW 240 128 128
PR 0 300 600 200 1
RP 8KP 0 0 0
KW 0 0 0
LN 272 190 327 207
linia 327 207 352 112
TG 307 39
RP 9KP 245 222 179
KW 245 222 179
LN 297 335 297 426
KP 70 130 180
KW 70 130 180
EL 242 180 100 190 1
RP 11
linia 287 335 273.000000 424
KP 255 235 205
KW 255 235 205
elipsa 212 120 80 80 1
KW 255 255 255
KP 255 255 255
elipsa 242 160 7 7 1
KW 255 255 255
KP 255 255 255
elipsa 267 140 6 6 1
KW 0 0 0
KP 0 0 0
elipsa 247 165 4 4 1
KP 0 0 0
KW 0 0 0
elipsa 272 145 3 3 1
KP 255 0 0
KW 255 0 0
elipsa 282 170 6 6 1
RP 8
linia 287 220 337 198
LN 337 198 352 131
ST
69 10
KP 240 128 128
KW 240 128 128
PR 0 300 600 200 1
RP 8KP 0 0 0
KW 0 0 0
LN 271 190 326 207
linia 326 207 351 111
TG 306 39
RP 9KP 245 222 179
KW 245 222 179
LN 296 335 297 426
KP 70 130 180
KW 70 130 180
EL 241 180 100 190 1
RP 11
linia 286 335 271.500000 424
KP 255 235 205
KW 255 235 205
elipsa 211 120 80 80 1
KW 255 255 255
KP 255 255 255
elipsa 241 160 7 7 1
KW 255 255 255
KP 255 255 255
elipsa 266 140 6 6 1
KW 0 0 0
KP 0 0 0
elipsa 246 165 4 4 1
KP 0 0 0
KW 0 0 0
elipsa 271 145 3 3 1
KP 255 0 0
KW 255 0 0
elipsa 281 170 4 4 1
RP 8
linia 286 220 336 198
LN 336 198 351 131
ST
70 10
KP 240 128 128
KW 240 128 128
PR 0 300 600 200 1
RP 8KP 0 0 0
KW 0 0 0
LN 270 190 325 206
linia 325 206 350 110
TG 305 39
RP 9KP 245 222 179
KW 245 222 179
LN 295 335 297 427
KP 70 130 180
KW 70 130 180
EL 240 180 100 190 1
RP 11
linia 285 335 270.000000 423
KP 255 235 205
KW 255 235 205
elipsa 210 120 80 80 1
KW 255 255 255
KP 255 255 255
elipsa 240 160 7 7 1
KW 255 255 255
KP 255 255 255
elipsa 265 140 6 6 1
KW 0 0 0
KP 0 0 0
elipsa 245 165 4 4 1
KP 0 0 0
KW 0 0 0
elipsa 270 145 3 3 1
KP 255 0 0
KW 255 0 0
elipsa 280 170 5 5 1
RP 8
linia 285 220 335 198
LN 335 198 350 131
ST
71 10
KP 240 128 128
KW 240 128 128
PR 0 300 600 200 1
RP 8KP 0 0 0
KW 0 0 0
LN 269 190 324 206
linia 324 206 349 109
TG 304 39
RP 9KP 245 222 179
KW 245 222 179
LN 294 335 297 427
KP 70 130 180
KW 70 130 180
EL 239 180 100 190 1
RP 11
linia 284 335 268.500000 423
KP 255 235 205
KW 255 235 205
elipsa 209 120 80 80 1
KW 255 255 255
KP 255 255 255
elipsa 239 160 7 7 1
KW 255 255 255
KP 255 255 255
elipsa 264 140 6 6 1
KW 0 0 0
KP 0 0 0
elipsa 244 165 4 4 1
KP 0 0 0
KW 0 0 0
elipsa 269 145 3 3 1
KP 255 0 0
KW 255 0 0
elipsa 279 170 6 6 1
RP 8
linia 284 220 334 198
LN 334 198 349 131
ST
72 10
KP 240 128 128
KW 240 128 128
PR 0 300 600 200 1
RP 8KP 0 0 0
KW 0 0 0
LN 268 190 323 206
linia 323 206 348 108
TG 303 40
RP 9KP 245 222 179
KW 245 222 179
LN 293 335 297 427
KP 70 130 180
KW 70 130 180
EL 238 180 100 190 1
RP 11
linia 283 335 267.000000 423
KP 255 235 205
KW 255 235 205
elipsa 208 120 80 80 1
KW 255 255 255
KP 255 255 255
elipsa 238 160 7 7 1
KW 255 255 255
KP 255 255 255
elipsa 263 140 6 6 1
KW 0 0 0
KP 0 0 0
elipsa 243 165 4 4 1
KP 0 0 0
KW 0 0 0
elipsa 268 145 3 3 1
KP 255 0 0
KW 255 0 0
elipsa 278 170 4 4 1
RP 8
linia 283 220 333 198
LN 333 198 348 132
ST
73 10
KP 240 128 128
KW 240 128 128
PR 0 300 600 200 1
RP 8KP 0 0 0
KW 0 0 0
LN 267 190 322 206
linia 322 206 347 107
TG 302 40
RP 9KP 245 222 179
KW 245 222 179
LN 292 335 297 427
KP 70 130 180
KW 70 130 180
EL 237 180 100 190 1
RP 11
linia 282 335 265.500000 423
KP 255 235 205
KW 255 235 205
elipsa 207 120 80 80 1
KW 255 255 255
KP 255 255 255
elipsa 237 160 7 7 1
KW 255 255 255
KP 255 255 255
elipsa 262 140 6 6 1
KW 0 0 0
KP 0 0 0
elipsa 242 165 4 4 1
KP 0 0 0
KW 0 0 0
elipsa 267 145 3 3 1
KP 255 0 0
KW 255 0 0
elipsa 277 170 5 5 1
RP 8
linia 282 220 332 198
LN 332 198 347 132
ST
74 10
KP 240 128 128
KW 240 128 128
PR 0 300 600 200 1
RP 8KP 0 0 0
KW 0 0 0
LN 266 190 321 206
linia 321 206 346 106
TG 301 40
RP 9KP 245 222 179
KW 245 222 179
LN 291 335 297 427
KP 70 130 180
KW 70 130 180
EL 236 180 100 190 1
RP 11
linia 281 335 264.000000 423
KP 255 235 205
KW 255 235 205
elipsa 206 120 80 80 1
KW 255 255 255
KP 255 255 255
elipsa 236 160 7 7 1
KW 255 255 255
KP 255 255 255
elipsa 261 140 6 6 1
KW 0 0 0
KP 0 0 0
elipsa 241 165 4 4 1
KP 0 0 0
KW 0 0 0
elipsa 266 145 3 3 1
KP 255 0 0
KW 255 0 0
elipsa 276 170 6 6 1
RP 8
linia 281 220 331 198
LN 331 198 346 132
ST
75 10
KP 240 128 128
KW 240 128 128
PR 0 300 600 200 1
RP 8KP 0 0 0
KW 0 0 0
LN 265 190 320 205
linia 320 205 345 105
TG 300 40
RP 9KP 245 222 179
KW 245 222 179
LN 290 335 297 427
KP 70 130 180
KW 70 130 180
EL 235 180 100 190 1
RP 11
linia 280 335 262.500000 423
KP 255 235 205
KW 255 235 205
elipsa 205 120 80 80 1
KW 255 255 255
KP 255 255 255
elipsa 235 160 7 7 1
KW 255 255 255
KP 255 255 255
elipsa 260 140 6 6 1
KW 0 0 0
KP 0 0 0
elipsa 240 165 4 4 1
KP 0 0 0
KW 0 0 0
elipsa 265 145 3 3 1
KP 255 0 0
KW 255 0 0
elipsa 275 170 4 4 1
RP 8
linia 280 220 330 198
LN 330 198 345 132
ST
76 10
KP 240 128 128
KW 240 128 128
PR 0 300 600 200 1
RP 8KP 0 0 0
KW 0 0 0
LN 264 190 319 205
linia 319 205 344 104
TG 299 40
RP 9KP 245 222 179
KW 245 222 179
LN 289 335 297 427
KP 70 130 180
KW 70 130 180
EL 234 180 100 190 1
RP 11
linia 279 335 261.000000 423
KP 255 235 205
KW 255 235 205
elipsa 204 120 80 80 1
KW 255 255 255
KP 255 255 255
elipsa 234 160 7 7 1
KW 255 255 255
KP 255 255 255
elipsa 259 140 6 6 1
KW 0 0 0
KP 0 0 0
elipsa 239 165 4 4 1
KP 0 0 0
KW 0 0 0
elipsa 264 145 3 3 1
KP 255 0 0
KW 255 0 0
elipsa 274 170 5 5 1
RP 8
linia 279 220 329 198
LN 329 198 344 132
ST
77 10
KP 240 128 128
KW 240 128 128
PR 0 300 600 200 1
RP 8KP 0 0 0
KW 0 0 0
LN 263 190 318 205
linia 318 205 343 103
TG 298 40
RP 9KP 245 222 179
KW 245 222 179
LN 288 335 297 427
KP 70 130 180
KW 70 130 180
EL 233 180 100 190 1
RP 11
linia 278 335 259.500000 423
KP 255 235 205
KW 255 235 205
elipsa 203 120 80 80 1
KW 255 255 255
KP 255 255 255
elipsa 233 160 7 7 1
KW 255 255 255
KP 255 255 255
elipsa 258 140 6 6 1
KW 0 0 0
KP 0 0 0
elipsa 238 165 4 4 1
KP 0 0 0
KW 0 0 0
elipsa 263 145 3 3 1
KP 255 0 0
KW 255 0 0
elipsa 273 170 6 6 1
RP 8
linia 278 220 328 198
LN 328 198 343 132
ST
78 10
KP 240 128 128
KW 240 128 128
PR 0 300 600 200 1
RP 8KP 0 0 0
KW 0 0 0
LN 262 190 317 205
linia 317 205 342 102
TG 297 40
RP 9KP 245 222 179
KW 245 222 179
LN 287 335 297 427
KP 70 130 180
KW 70 130 180
EL 232 180 100 190 1
RP 11
linia 277 335 258.000000 423
KP 255 235 205
KW 255 235 205
elipsa 202 120 80 80 1
KW 255 255 255
KP 255 255 255
elipsa 232 160 7 7 1
KW 255 255 255
KP 255 255 255
elipsa 257 140 6 6 1
KW 0 0 0
KP 0 0 0
elipsa 237 165 4 4 1
KP 0 0 0
KW 0 0 0
elipsa 262 145 3 3 1
KP 255 0 0
KW 255 0 0
elipsa 272 170 4 4 1
RP 8
linia 277 220 327 198
LN 327 198 342 132
ST
79 10
KP 240 128 128
KW 240 128 128
PR 0 300 600 200 1
RP 8KP 0 0 0
KW 0 0 0
LN 261 190 316 205
linia 316 205 341 101
TG 296 40
RP 9KP 245 222 179
KW 245 222 179
LN 286 335 297 427
KP 70 130 180
KW 70 130 180
EL 231 180 100 190 1
RP 11
linia 276 335 256.500000 423
KP 255 235 205
KW 255 235 205
elipsa 201 120 80 80 1
KW 255 255 255
KP 255 255 255
elipsa 231 160 7 7 1
KW 255 255 255
KP 255 255 255
elipsa 256 140 6 6 1
KW 0 0 0
KP 0 0 0
elipsa 236 165 4 4 1
KP 0 0 0
KW 0 0 0
elipsa 261 145 3 3 1
KP 255 0 0
KW 255 0 0
elipsa 271 170 5 5 1
RP 8
linia 276 220 326 198
LN 326 198 341 132
ST
80 10
KP 240 128 128
KW 240 128 128
PR 0 300 600 200 1
RP 8KP 0 0 0
KW 0 0 0
LN 260 190 315 204
linia 315 204 340 100
TG 295 41
RP 9KP 245 222 179
KW 245 222 179
LN 285 335 296 428
KP 70 130 180
KW 70 130 180
EL 230 180 100 190 1
RP 11
linia 275 335 255.000000 422
KP 255 235 205
KW 255 235 205
elipsa 200 120 80 80 1
KW 255 255 255
KP 255 255 255
elipsa 230 160 7 7 1
KW 255 255 255
KP 255 255 255
elipsa 255 140 6 6 1
KW 0 0 0
KP 0 0 0
elipsa 235 165 4 4 1
KP 0 0 0
KW 0 0 0
elipsa 260 145 3 3 1
KP 255 0 0
KW 255 0 0
elipsa 270 170 6 6 1
RP 8
linia 275 220 325 199
LN 325 199 340 133
ST
81 10
KP 240 128 128
KW 240 128 128
PR 0 300 600 200 1
RP 8KP 0 0 0
KW 0 0 0
LN 259 190 314 204
linia 314 204 339 99
TG 294 41
RP 9KP 245 222 179
KW 245 222 179
LN 284 335 296 428
KP 70 130 180
KW 70 130 180
EL 229 180 100 190 1
RP 11
linia 274 335 253.500000 422
KP 255 235 205
KW 255 235 205
elipsa 199 120 80 80 1
KW 255 255 255
KP 255 255 255
elipsa 229 160 7 7 1
KW 255 255 255
KP 255 255 255
elipsa 254 140 6 6 1
KW 0 0 0
KP 0 0 0
elipsa 234 165 4 4 1
KP 0 0 0
KW 0 0 0
elipsa 259 145 3 3 1
KP 255 0 0
KW 255 0 0
elipsa 269 170 4 4 1
RP 8
linia 274 220 324 199
LN 324 199 339 133
ST
82 10
KP 240 128 128
KW 240 128 128
PR 0 300 600 200 1
RP 8KP 0 0 0
KW 0 0 0
LN 258 190 313 204
linia 313 204 338 98
TG 293 41
RP 9KP 245 222 179
KW 245 222 179
LN 283 335 296 428
KP 70 130 180
KW 70 130 180
EL 228 180 100 190 1
RP 11
linia 273 335 252.000000 422
KP 255 235 205
KW 255 235 205
elipsa 198 120 80 80 1
KW 255 255 255
KP 255 255 255
elipsa 228 160 7 7 1
KW 255 255 255
KP 255 255 255
elipsa 253 140 6 6 1
KW 0 0 0
KP 0 0 0
elipsa 233 165 4 4 1
KP 0 0 0
KW 0 0 0
elipsa 258 145 3 3 1
KP 255 0 0
KW 255 0 0
elipsa 268 170 5 5 1
RP 8
linia 273 220 323 199
LN 323 199 338 133
ST
83 10
KP 240 128 128
KW 240 128 128
PR 0 300 600 200 1
RP 8KP 0 0 0
KW 0 0 0
LN 257 190 312 204
linia 312 204 337 97
TG 292 41
RP 9KP 245 222 179
KW 245 222 179
LN 282 335 296 428
KP 70 130 180
KW 70 130 180
EL 227 180 100 190 1
RP 11
linia 272 335 250.500000 422
KP 255 235 205
KW 255 235 205
elipsa 197 120 80 80 1
KW 255 255 255
KP 255 255 255
elipsa 227 160 7 7 1
KW 255 255 255
KP 255 255 255
elipsa 252 140 6 6 1
KW 0 0 0
KP 0 0 0
elipsa 232 165 4 4 1
KP 0 0 0
KW 0 0 0
elipsa 257 145 3 3 1
KP 255 0 0
KW 255 0 0
elipsa 267 170 6 6 1
RP 8
linia 272 220 322 199
LN 322 199 337 133
ST
84 10
KP 240 128 128
KW 240 128 128
PR 0 300 600 200 1
RP 8KP 0 0 0
KW 0 0 0
LN 256 190 311 204
linia 311 204 336 96
TG 291 41
RP 9KP 245 222 179
KW 245 222 179
LN 281 335 296 428
KP 70 130 180
KW 70 130 180
EL 226 180 100 190 1
RP 11
linia 271 335 249.000000 422
KP 255 235 205
KW 255 235 205
elipsa 196 120 80 80 1
KW 255 255 255
KP 255 255 255
elipsa 226 160 7 7 1
KW 255 255 255
KP 255 255 255
elipsa 251 140 6 6 1
KW 0 0 0
KP 0 0 0
elipsa 231 165 4 4 1
KP 0 0 0
KW 0 0 0
elipsa 256 145 3 3 1
KP 255 0 0
KW 255 0 0
elipsa 266 170 4 4 1
RP 8
linia 271 220 321 199
LN 321 199 336 133
ST
85 10
KP 240 128 128
KW 240 128 128
PR 0 300 600 200 1
RP 8KP 0 0 0
KW 0 0 0
LN 255 190 310 203
linia 310 203 335 95
TG 290 41
RP 9KP 245 222 179
KW 245 222 179
LN 280 335 296 428
KP 70 130 180
KW 70 130 180
EL 225 180 100 190 1
RP 11
linia 270 335 247.500000 422
KP 255 235 205
KW 255 235 205
elipsa 195 120 80 80 1
KW 255 255 255
KP 255 255 255
elipsa 225 160 7 7 1
KW 255 255 255
KP 255 255 255
elipsa 250 140 6 6 1
KW 0 0 0
KP 0 0 0
elipsa 230 165 4 4 1
KP 0 0 0
KW 0 0 0
elipsa 255 145 3 3 1
KP 255 0 0
KW 255 0 0
elipsa 265 170 5 5 1
RP 8
linia 270 220 320 199
LN 320 199 335 133
ST
86 10
KP 240 128 128
KW 240 128 128
PR 0 300 600 200 1
RP 8KP 0 0 0
KW 0 0 0
LN 254 190 309 203
linia 309 203 334 94
TG 289 41
RP 9KP 245 222 179
KW 245 222 179
LN 279 335 296 428
KP 70 130 180
KW 70 130 180
EL 224 180 100 190 1
RP 11
linia 269 335 246.000000 422
KP 255 235 205
KW 255 235 205
elipsa 194 120 80 80 1
KW 255 255 255
KP 255 255 255
elipsa 224 160 7 7 1
KW 255 255 255
KP 255 255 255
elipsa 249 140 6 6 1
KW 0 0 0
KP 0 0 0
elipsa 229 165 4 4 1
KP 0 0 0
KW 0 0 0
elipsa 254 145 3 3 1
KP 255 0 0
KW 255 0 0
elipsa 264 170 6 6 1
RP 8
linia 269 220 319 199
LN 319 199 334 133
ST
87 10
KP 240 128 128
KW 240 128 128
PR 0 300 600 200 1
RP 8KP 0 0 0
KW 0 0 0
LN 253 190 308 203
linia 308 203 333 93
TG 288 41
RP 9KP 245 222 179
KW 245 222 179
LN 278 335 296 428
KP 70 130 180
KW 70 130 180
EL 223 180 100 190 1
RP 11
linia 268 335 244.500000 422
KP 255 235 205
KW 255 235 205
elipsa 193 120 80 80 1
KW 255 255 255
KP 255 255 255
elipsa 223 160 7 7 1
KW 255 255 255
KP 255 255 255
elipsa 248 140 6 6 1
KW 0 0 0
KP 0 0 0
elipsa 228 165 4 4 1
KP 0 0 0
KW 0 0 0
elipsa 253 145 3 3 1
KP 255 0 0
KW 255 0 0
elipsa 263 170 4 4 1
RP 8
linia 268 220 318 199
LN 318 199 333 133
ST
88 10
KP 240 128 128
KW 240 128 128
PR 0 300 600 200 1
RP 8KP 0 0 0
KW 0 0 0
LN 252 190 307 203
linia 307 203 332 92
TG 287 42
RP 9KP 245 222 179
KW 245 222 179
LN 277 335 296 428
KP 70 130 180
KW 70 130 180
EL 222 180 100 190 1
RP 11
linia 267 335 243.000000 422
KP 255 235 205
KW 255 235 205
elipsa 192 120 80 80 1
KW 255 255 255
KP 255 255 255
elipsa 222 160 7 7 1
KW 255 255 255
KP 255 255 255
elipsa 247 140 6 6 1
KW 0 0 0
KP 0 0 0
elipsa 227 165 4 4 1
KP 0 0 0
KW 0 0 0
elipsa 252 145 3 3 1
KP 255 0 0
KW 255 0 0
elipsa 262 170 5 5 1
RP 8
linia 267 220 317 199
LN 317 199 332 134
ST
89 10
KP 240 128 128
KW 240 128 128
PR 0 300 600 200 1
RP 8KP 0 0 0
KW 0 0 0
LN 251 190 306 203
linia 306 203 331 91
TG 286 42
RP 9KP 245 222 179
KW 245 222 179
LN 276 335 296 428
KP 70 130 180
KW 70 130 180
EL 221 180 100 190 1
RP 11
linia 266 335 241.500000 422
KP 255 235 205
KW 255 235 205
elipsa 191 120 80 80 1
KW 255 255 255
KP 255 255 255
elipsa 221 160 7 7 1
KW 255 255 255
KP 255 255 255
elipsa 246 140 6 6 1
KW 0 0 0
KP 0 0 0
elipsa 226 165 4 4 1
KP 0 0 0
KW 0 0 0
elipsa 251 145 3 3 1
KP 255 0 0
KW 255 0 0
elipsa 261 170 6 6 1
RP 8
linia 266 220 316 199
LN 316 199 331 134
ST
90 10
KP 240 128 128
KW 240 128 128
PR 0 300 600 200 1
RP 8KP 0 0 0
KW 0 0 0
LN 250 190 305 202
linia 305 202 330 90
TG 285 42
RP 9KP 245 222 179
KW 245 222 179
LN 275 335 296 429
KP 70 130 180
KW 70 130 180
EL 220 180 100 190 1
RP 11
linia 265 335 240.000000 421
KP 255 235 205
KW 255 235 205
elipsa 190 120 80 80 1
KW 255 255 255
KP 255 255 255
elipsa 220 160 7 7 1
KW 255 255 255
KP 255 255 255
elipsa 245 140 6 6 1
KW 0 0 0
KP 0 0 0
elipsa 225 165 4 4 1
KP 0 0 0
KW 0 0 0
elipsa 250 145 3 3 1
KP 255 0 0
KW 255 0 0
elipsa 260 170 4 4 1
RP 8
linia 265 220 315 199
LN 315 199 330 134
ST
91 10
KP 240 128 128
KW 240 128 128
PR 0 300 600 200 1
RP 8KP 0 0 0
KW 0 0 0
LN 249 190 304 202
linia 304 202 329 89
TG 284 42
RP 9KP 245 222 179
KW 245 222 179
LN 274 335 296 429
KP 70 130 180
KW 70 130 180
EL 219 180 100 190 1
RP 11
linia 264 335 238.500000 421
KP 255 235 205
KW 255 235 205
elipsa 189 120 80 80 1
KW 255 255 255
KP 255 255 255
elipsa 219 160 7 7 1
KW 255 255 255
KP 255 255 255
elipsa 244 140 6 6 1
KW 0 0 0
KP 0 0 0
elipsa 224 165 4 4 1
KP 0 0 0
KW 0 0 0
elipsa 249 145 3 3 1
KP 255 0 0
KW 255 0 0
elipsa 259 170 5 5 1
RP 8
linia 264 220 314 199
LN 314 199 329 134
ST
92 10
KP 240 128 128
KW 240 128 128
PR 0 300 600 200 1
RP 8KP 0 0 0
KW 0 0 0
LN 248 190 303 202
linia 303 202 328 88
TG 283 42
RP 9KP 245 222 179
KW 245 222 179
LN 273 335 296 429
KP 70 130 180
KW 70 130 180
EL 218 180 100 190 1
RP 11
linia 263 335 237.000000 421
KP 255 235 205
KW 255 235 205
elipsa 188 120 80 80 1
KW 255 255 255
KP 255 255 255
elipsa 218 160 7 7 1
KW 255 255 255
KP 255 255 255
elipsa 243 140 6 6 1
KW 0 0 0
KP 0 0 0
elipsa 223 165 4 4 1
KP 0 0 0
KW 0 0 0
elipsa 248 145 3 3 1
KP 255 0 0
KW 255 0 0
elipsa 258 170 6 6 1
RP 8
linia 263 220 313 199
LN 313 199 328 134
ST
93 10
KP 240 128 128
KW 240 128 128
PR 0 300 600 200 1
RP 8KP 0 0 0
KW 0 0 0
LN 247 190 302 202
linia 302 202 327 87
TG 282 42
RP 9KP 245 222 179
KW 245 222 179
LN 272 335 296 429
KP 70 130 180
KW 70 130 180
EL 217 180 100 190 1
RP 11
linia 262 335 235.500000 421
KP 255 235 205
KW 255 235 205
elipsa 187 120 80 80 1
KW 255 255 255
KP 255 255 255
elipsa 217 160 7 7 1
KW 255 255 255
KP 255 255 255
elipsa 242 140 6 6 1
KW 0 0 0
KP 0 0 0
elipsa 222 165 4 4 1
KP 0 0 0
KW 0 0 0
elipsa 247 145 3 3 1
KP 255 0 0
KW 255 0 0
elipsa 257 170 4 4 1
RP 8
linia 262 220 312 199
LN 312 199 327 134
ST
94 10
KP 240 128 128
KW 240 128 128
PR 0 300 600 200 1
RP 8KP 0 0 0
KW 0 0 0
LN 246 190 301 202
linia 301 202 326 86
TG 281 42
RP 9KP 245 222 179
KW 245 222 179
LN 271 335 296 429
KP 70 130 180
KW 70 130 180
EL 216 180 100 190 1
RP 11
linia 261 335 234.000000 421
KP 255 235 205
KW 255 235 205
elipsa 186 120 80 80 1
KW 255 255 255
KP 255 255 255
elipsa 216 160 7 7 1
KW 255 255 255
KP 255 255 255
elipsa 241 140 6 6 1
KW 0 0 0
KP 0 0 0
elipsa 221 165 4 4 1
KP 0 0 0
KW 0 0 0
elipsa 246 145 3 3 1
KP 255 0 0
KW 255 0 0
elipsa 256 170 5 5 1
RP 8
linia 261 220 311 199
LN 311 199 326 134
ST
95 10
KP 240 128 128
KW 240 128 128
PR 0 300 600 200 1
RP 8KP 0 0 0
KW 0 0 0
LN 245 190 300 201
linia 300 201 325 85
TG 280 42
RP 9KP 245 222 179
KW 245 222 179
LN 270 335 296 429
KP 70 130 180
KW 70 130 180
EL 215 180 100 190 1
RP 11
linia 260 335 232.500000 421
KP 255 235 205
KW 255 235 205
elipsa 185 120 80 80 1
KW 255 255 255
KP 255 255 255
elipsa 215 160 7 7 1
KW 255 255 255
KP 255 255 255
elipsa 240 140 6 6 1
KW 0 0 0
KP 0 0 0
elipsa 220 165 4 4 1
KP 0 0 0
KW 0 0 0
elipsa 245 145 3 3 1
KP 255 0 0
KW 255 0 0
elipsa 255 170 6 6 1
RP 8
linia 260 220 310 199
LN 310 199 325 134
ST
96 10
KP 240 128 128
KW 240 128 128
PR 0 300 600 200 1
RP 8KP 0 0 0
KW 0 0 0
LN 244 190 299 201
linia 299 201 324 84
TG 279 43
RP 9KP 245 222 179
KW 245 222 179
LN 269 335 296 429
KP 70 130 180
KW 70 130 180
EL 214 180 100 190 1
RP 11
linia 259 335 231.000000 421
KP 255 235 205
KW 255 235 205
elipsa 184 120 80 80 1
KW 255 255 255
KP 255 255 255
elipsa 214 160 7 7 1
KW 255 255 255
KP 255 255 255
elipsa 239 140 6 6 1
KW 0 0 0
KP 0 0 0
elipsa 219 165 4 4 1
KP 0 0 0
KW 0 0 0
elipsa 244 145 3 3 1
KP 255 0 0
KW 255 0 0
elipsa 254 170 4 4 1
RP 8
linia 259 220 309 199
LN 309 199 324 135
ST
97 10
KP 240 128 128
KW 240 128 128
PR 0 300 600 200 1
RP 8KP 0 0 0
KW 0 0 0
LN 243 190 298 201
linia 298 201 323 83
TG 278 43
RP 9KP 245 222 179
KW 245 222 179
LN 268 335 296 429
KP 70 130 180
KW 70 130 180
EL 213 180 100 190 1
RP 11
linia 258 335 229.500000 421
KP 255 235 205
KW 255 235 205
elipsa 183 120 80 80 1
KW 255 255 255
KP 255 255 255
elipsa 213 160 7 7 1
KW 255 255 255
KP 255 255 255
elipsa 238 140 6 6 1
KW 0 0 0
KP 0 0 0
elipsa 218 165 4 4 1
KP 0 0 0
KW 0 0 0
elipsa 243 145 3 3 1
KP 255 0 0
KW 255 0 0
elipsa 253 170 5 5 1
RP 8
linia 258 220 308 199
LN 308 199 323 135
ST
98 10
KP 240 128 128
KW 240 128 128
PR 0 300 600 200 1
RP 8KP 0 0 0
KW 0 0 0
LN 242 190 297 201
linia 297 201 322 82
TG 277 43
RP 9KP 245 222 179
KW 245 222 179
LN 267 335 296 429
KP 70 130 180
KW 70 130 180
EL 212 180 100 190 1
RP 11
linia 257 335 228.000000 421
KP 255 235 205
KW 255 235 205
elipsa 182 120 80 80 1
KW 255 255 255
KP 255 255 255
elipsa 212 160 7 7 1
KW 255 255 255
KP 255 255 255
elipsa 237 140 6 6 1
KW 0 0 0
KP 0 0 0
elipsa 217 165 4 4 1
KP 0 0 0
KW 0 0 0
elipsa 242 145 3 3 1
KP 255 0 0
KW 255 0 0
elipsa 252 170 6 6 1
RP 8
linia 257 220 307 199
LN 307 199 322 135
ST
99 10
KP 240 128 128
KW 240 128 128
PR 0 300 600 200 1
RP 8KP 0 0 0
KW 0 0 0
LN 241 190 296 201
linia 296 201 321 81
TG 276 43
RP 9KP 245 222 179
KW 245 222 179
LN 266 335 296 429
KP 70 130 180
KW 70 130 180
EL 211 180 100 190 1
RP 11
linia 256 335 226.500000 421
KP 255 235 205
KW 255 235 205
elipsa 181 120 80 80 1
KW 255 255 255
KP 255 255 255
elipsa 211 160 7 7 1
KW 255 255 255
KP 255 255 255
elipsa 236 140 6 6 1
KW 0 0 0
KP 0 0 0
elipsa 216 165 4 4 1
KP 0 0 0
KW 0 0 0
elipsa 241 145 3 3 1
KP 255 0 0
KW 255 0 0
elipsa 251 170 4 4 1
RP 8
linia 256 220 306 199
LN 306 199 321 135
ST
KONIEC
